14169012148605385848504025253642
2066060053260488739263350580
7239902949300309194971443353620544778857606094
159300305022788663123270837485043179009948
7546019850541114390862
7893622477942124868303907658286658
467147493456306
1131632459310310
14237164348403348889413809550864
134651110355089803362987961272163490820276369586
1880530694
487744458641643738075558275371758313394
125511882129868359674674548072162517524377408220
5208197496016061421322897205471610850582420
32652
873012216326363216038684797228
43542966999638383984056934483924
20797521727745966972448521153769667603634789402
4559266476052130
89271401717799097207870
21755262
180334755754
26922985907320651253267344758795667802
99375224788177135433710
12370657071063315635224960
13807293380194685758
1214537255968179294518513578
142682161885700902630502557752
21456718517212845874399243204787731238
1770404
151325949590792
18539502050014108424100
1777459241999720170408537581927562
13307749931135261346
102606080135488083496
11434032164190
37296891774653820184031664
31379292821821889117338161132323319472775197768
644400
65920502007702660274
21079727795839062144445672
57278590787544932683097940746416382
6788482397742977759588875421309568601459054
195932091000944879656977105249044878088
1717064363879220725819246524854508
608770834058607008717662
6125569455406388619269760777200615192
440889076075769526
259485421427068357257955502891419346
3453726650442804740233531967853636813500965284162
663633581232912110050816100669095258797164655868870
340085154069906929892590698194532560876
453183970086877956
2183107120303418980
13748434414450265797382400849060
137919763446719477415696
186913401035251794682
76037808209356
12500697013584289095896362256027061593132877746
762642
111686157421252
71691678158867794780
21958413341296016620666
1899363547724577717017452675324
15743358
13868648587424
1419595046407163311598070856684149927494521054
21295518012439719382894
181037855803753957039006
147499466009797017775352860801720889079679020760934
9216
46247498771406596808840627591208
59044
1483095915142002634445880159586959486880597037920
1461780124151352622100
11997810169188832472005536197625047052489250578222
210842442409352261514882378184631716
448681858558057363580
19062632492
1018386040088046585144048665204424649277308713790088
114007167429937062633488686278
15863972030751920953726859940753322161206860
587979890728489664850854643549626240
97712585752481565069644
6953818179547583310108383319966702
2061276
1450103408748
102005712775837294901950096990291095447162748700192
6803970116
109606678328059259449329548962687506376433658
17179451168696709826888917476290592720022928
12782854185180
4911882446
914849107797614556773709432
429968636128365962358976864302767986688547360
222164960248993983828503288890877476014423901159718
771858752049527960582723665626483671564972
1867826653219324991477166956148
21694361139530601155709977339020628488826782282378
28
151349451556
110175073281905945266398
148744870107434787199816385226
142281190420
1450636058116684113339845235854
164912976966832
18880503157718713164692244372549281773871882
1972537048
195892880406162252338319751714666701990
52906
136592660
79993718768790217506442
67992438243413893190634362
17194292236845463824796723289323862
15496086
67606296287558252112
1301821914678
910497594999742933239083397918672125665187361894
143551673445750987553916432864986
122129272033770350121607333614511145912
16273839338938830570559869707042672294208
26451491164991980911560850675912557944
10754
98509842054580
1245125138006983842792
807575829713036158205593275892953909334085826
2078866319577873047198715239051336
16825843664797087092426
119376991077860
73172
85613318382558041789219889185095478
13088956783596
151692
84859817007758478736895046075936800624545503809700
1550997293212073139467431263364983907675220426198368
136462623704314898
1049515497911206133159063416303167941695904862
181394
147427701840894882679164170
3564621520939328
635505604001635438303622404175058829389834198
183617804285144652935696900744703509109560
5696404004818005492966054
177422594221025765411999478106248230890556845245782
8317282569251758886314791229475725858139260
405557694267892
173503341698985488422035880488226000356706
11139842526667890619339521330259152
139614503514414790522
117907661563564
159592896955810694891497856032943140668385986
1413720
12310313430128237075897011326599012027631224
30040068193147828155780204
194563987999036355376215774038810286866
319954133888124082541355860934849020
1180709037559903697562737984813731784
12866911931104736098368728048
4163074013504415616
1009122171185590506742470910908094807442585328419470
2323234355688182412705992367528965727165175972456
19233159072742398092123701686507829566
154773255446659055406457262419329028752080605106
1135170277078411878677194
20289574948851644228733942512288
4344334
186542809120658303244191426458058
992187526604930018790000516
1221075445410038989387800460805810117906244
19397469773836468512477874961640416
69529110799833102714430454880757932868366550260572
2028
128189169522794941555600414820387024
637163796798536574
116056229454201920282
20203591181145568046429070733574
160179303598
3720591100267585583602
1402967007148179523793016404053710
50
13365088904520296262
91466791104865394709143571018
19468178309340458222
15516906
7207317678033772050675993344
50052
82
94776399582710533868
63526807707009227029298730
435941686936462091340211893069651447452
660328243844458995885939404863449867152
20262891033911505758793114008
166
15554244966107166953106286786663456905804412
1700297982135104227666590639633009277238
193402228837919381146247010
15934693155647845074
110373069224600526
183051638524415475181944248685452394
199636116049546180844136700378340102157978
138196503316
10882704551971773763540
186622010322997470848
20722380277964
24
73742140669766240
66532153192029444
201469495722068400992228
623282123611128851359980
1214142964646772607935010372556161414110579478745774
122123821439419252692460735130821494
1996458299534050
11347076
66978524930
19515269720476351375022612282
178
150703874140199316679564653412
173025215051073587097279723106862008968878209546456
8658269520546434547169447157942046473645880
6820714430904866729196112795859726197660
13348215529688674819256
119279893871132529282208092276146076311720652286
1999391706164172
773709119466760
1445786646526497089380682589554939696364
158090022981253532886204212253217648657175482
10016918945133845860593387185833076772691422610
1980816407433888947718646
37289371251534097264385355058267836
1341036554676324928109566276539677619676
1449833347695285946265962185680
108071988560330705337972574963266515896776786
1826206578978321832350067086
36358
101481637848433691136024876697001591417180224
174926753439132833372714
5428286477967680337649960129490056
15035837532996156438079958719494580402
2189989393976774543558
871910748
11878656234135832172687384692404630554360
394010022710
4137780049723559780160064297242476638687459796
3641480529524370977744
107223447431818057233673188787470438783969370
1837249342592
16728171892671831391946682350486143200590
1830840494264953483832417600452335640
501990962705123563582038796298815012132223135710
2141003798279336768681308682598292993157427356
158106423334012247765305250404726
83269821263111710462
1502951538118
17367516046998
2843384197559665517414815285728618961619616002
118922423954928032350514734532
15310
9682079391602156513467827078584016804764
1923664416066297594
20458322623638896120125248406566
92889595741451442096438
180383244972310068253201455523912534683439048056
1490330369692186
690905155878911984316508584432
102317070458728330784632
196179884576267772
1686841624698797399125724391985476545147439920
200176569392771741640355321319523959634816072
1894
207018455428872650
14122
982723049606
33596902411756
24703394124945748930446686284112560
144743436235507017704735348422
1380762180
116367203312091278087447906150234315075250856
205656821834471557170902487971612
6208467010
21176527489974129724
68479549707407065812628625420
81547304315256162586088955756202378
17198555155002862194133495940
1973191566505949015391306620966567867204
20249761912045715962031712606669696670
1282928
648510
88198485606997546633602491724832095922925420
16008568993731203524680
717898418
894362538074113580604160440925993273908121572
113217632062598836586199195588
1064301938220863682670692128
160611027259067590
24275364997970455580144455439036
16882530
908756154190878804
92483386142937797615056144429124372735774286282
209775412259591871727522993400411367150360536
16490151799559782096
31757342918
7186484738512
79780137512962567062
218230484164366201955275570463259064537377794474852
84181029773464560081903349078936
1794642400328688810
9428972
9084279567970539250062998
189258208679014034
1732184
73897587085496557815831342
1078390469919426945722
199811756
648022730872281029373331124723670512768
57888
53012731822359144037896942997805765236203094
11183380792464
4890854671334
9404
112615630080954042593126713092015479262728
1062108942309004538752453734249499735009236
6483673054
333956748698
21207045987683139170748627539567888637034026
44483556623419774743451753594210859436
1659257254
203893885263732
11229566398815776199574
48
11016
2145544169889669311246872217219474
212
11362499576709580744754
133934282458687046759881994248565781410
21614
91596812
360209045846589617872584
44
161516
202891738561362952631654580994
9125867448
1273386491875319997512422708782053370041026814
13872841671196859571474508762770
10008845572
188546101044756766534
616063861828234760208989596333092959569973239152
134499276912443920117116664579936
1918960312778939080597085846166
3806013560
1328236718404
1500328292392706983311570269118330
8577485655307138079604695701252728701485418116540
446164129200332852960200356682831872266
1894
7128648869303211957564
975783666598
2091783019176970641059082
9395364464294908876
105634229074432589259708
16030801497660
5350206616298391628
20241723402
234896181609470836012
5802187029622420
424
1725183021336
1858583345826092346515496500025813690264651278537564
139189216021234662
168558233992888627991596145414391425493070743444242
18346224766702801930836857282178817478138788
11094222855252472240661640888
1445379404281932789272
55834904128851191443479136467881327014
20933623520380970575436868138538848
7318905112662657224106
19356030847879128499105720361303020643730362475304
12387409444516907789330938
2134080266115418519267254569969683135540197996224
36700583416
873207393229605875853197803220450
19653970446529107860082
4096532372714641108784082948191199052
9596583396706547839719855628417959454
380511283541445283550390350028
90664252588997311449088107148207738143382
626597825357482451042605150979287925950890836
146677377693173121776153464570925431173360880190
8822957423530789121052681884028
2140338364138946291766670796650605062920
155070323298189049176261173262
1632
2040477681796506068684417497731858344152155604850
24408796393783440255911515983418283140800402746614
84
375617641963124368791976833423405365530
169664484
144364467610
70
11570688370874128015658360925272808501338
4629948289336924001169490
9049701983306216
171055046725510619811812725389164469816913442546546
2134259890855367762497962935700
174943334260237397649626303712282194
1142002622025673739884180284505699922604
1136031753476
20222717665456300840040356137354360488
20826441129172
1532852032213085129994641613390442
335367818886256472
15933252
591564925925656922
11072271835293407098536176968416349974978
10810904133333286828
15691688888076
71432788363635968141748461889729134635671833212448
62
21788508003351686388544895399897240528
1902672782995720456
36339802736249158601098897361189245085757224
607829346647813018
87615796843566012972021064212465468828
7709235747910503162
1721666813889401275247177719068781186
20946020057031721700737800
1921546716779256
48251992
9097683481370722555340469407376909099664
47265543258
168309265416308075290
2022167487295822
173292020159673739980972078
162294029235869641253275370562957426828195760986
112660021277955736239462822960257503567497517066
135063749884510044641633585534628374928
1826120165050886710031059236184
4894498775063948890
162000784884
1146667240947098435856261286373030
19866712
515957327574
16414589310337210
15621763328684633160872216
3652911551562694120692
8567171187518856590061040690039474593530084375810
14356787906285231544890150
362490
15227836689010411082536129798711237839930670
53665957748973022588
56409699354905699298432
180599405086298412483295205506919381118
194722584076786150885401939896487938
6286913012744
20000322619087271733182
78485944388260724
119830822523213244098903788284971174
385564
1222725552574697529663624472220
169640436296187742911117943585768777020690
11148577910934946
13076033092365096964968481669583886
1772445074151338126408101705997933400
21375106710016481740784546120183100808
2011271795337904910871452993829753078059771606078
126555653474271997825627190038160
120
700000670490320347997818585826838
1009480
7469548524
2638879346159172895252587871574877365522520277566
1747376
17282828949721974024021172
1064071556609943663461906131125950
821976988768
583580880415657203623842673222140342
524962820462146392844712712841516
54720769226245792047354
125014
1429592405630514090578355601060547324
7117200602
3009766
1522766423733627591914507959511163278527120
4724843987288886237874698389436489214
19672960024447596218732
1020360361839223304
1991759742
15674094150758501034212149566
140
68400235933602107730964323087386
7249847167449108256483752
110781308713654459752416444844351606
1826522036874406803510
5689090308576396408
13542588280841734874
2035459738676419233530
58373291077025237122763108285922
187554860404
11242512367652512152051998444
75642332188758049646892090375030839310914368010
14391111873606356933884827151523342257680
148143621273798897888607274
10975659518150712721918629101670350354128526
178717127052346573990808621914656
132665609248125702826
194305629929021424953784578645857269672
130352358836434
1333619698811064134311048310726023447655574660
17914805946856758977632168
200597607491868812464
463735707510486137806
180935224016368383372205056623834511890
967996563736185462544963333448565387243441442026
4300536090418490363023636494
1022
105285372
30
6927470
21929850281576814995142
21024
54251654706682966265760
7091776344881626699544
1522539198073668053337385867616849521243452
841116675879766
14467201784133818213378557136654880044066898
24508088124061967319704552
1454
810737817040119974954225761856400093677623676050
211998358724628636229994540191786967024899744650670
21574995333025099390169858344869602
1266583830948138528
48919607454823504107026282337617092913883765934566
1721404165801312450333896254624580721581802337758
9224587177644
177050872934494080643284386551136644131663112
12343038104
54289499939698353300
15808033092
116156934154976515527546355903595426
167544842732109044339712291697031766475170201706
203376091769003009706677477424
170170001616521022036744534461445040104062
56244846765456883447997986654
13089562472126499772470230
586953865830282650
1371496058800451986054
20643508646365724556967305584349252186
113529924600901472
2166918612781934
1918384597430590
124143158160
201411228072259698
12185419218821878210754
1826981525511330
73397717910846753653784177492968530081732801917658
1036832745916628972888090446111396918213006866
25336367208
45366861122627356597133189751178136603359398
20178112
1520
578759949961396
196
105024198745024899099918099858387089491366110
64936752580228491198530
2125020086807998783013883464
578
15081528413231089426
1216102344719639347799250542377234
1536861605683268
17270709170732661832873512
469258535662657774676
918093475368427545052128142601757746
114871710
9138083362651286642577704221990703115273741066
3841416682
143192467840600411551139500
171922486376801303342720272048986
206719338879389526238246
3295217862898687261419058
1698289607205090370880564002
12884088805297570672607631715790739328
329809778275120796290280844574867710867118648
8836182835661428531442355720071559561683071456886
216513868277854194148299644
1587463979868528206386735076702425173753760876096
1216395650957362738314335597916
13879634163599445032779974173142774538
40758523446
90526326060736014054752585372027122194787063262
9258766478625354560930623256
640543148012697832
1157503760748228971920
54851306504098715166
216712148564
5547050531320312210603723471374753238
5362968136442502138690620392799754255489177644
239712372549727681979684
106492960730209886641213633600329417117014692
16655251608124530004417988
36915561328511742037460502505541631008
1280395976236098420962
1045794330014628829047164006
11212052255599764292764
12330379575738461257097139908164797852009764
176185733647860861345368569768774376968137142
131788108986367422918592
2115478894526876266477881238019886
2141498407267536232777996218686544
7497994452240406188190561622
17506324074837622
19141536296367680767850999796
215790127797816404865910833192820399794412430
329839768445834
8131911754996426104880809266072884119492814914
172224327456047792
705220421321093319869329615794004931413571863633802
819613247454624063856359995636
98404149336623690279933715503411291708821122
1527425603717262672364517738686022605785941510374
17632608221325555431729328234429254
6178771849207504638
429116220314297291158786735772
2127295934
12429741339908442240623935270
677330890412567253494556930026915064
394450816248
25161934341118410808273997440463203394653387448526
172
1389632735937754789995422392031252477729347300980000
169831438982228205160134256659200027014930
1808059659776235316514
1080033593387465107083556653612
628247679262
13249960756
460078721548554465383032
115972238630522921775438
63130413852
17776265732932871535784889271608606630
1267422519877842794250499084303350
7516899476526311015848690149876866940950583250
985636752704601870671800426104683445100
931191246540342612717799467171626928274946
1296529487669140550201191248778
1932704390245624238420
21348411014721783528564
1332200624376
15222720903492
117881045491793765930644778950624256578
1503299088803890450
184472769548696
1517188450327238863778526281418614773457112
1978063620412890
95728520
433768368272
3891562674251089712448572699278309646
577813325077906338856320833065225409145493063696
2056401676764411842988301367511332
15920528592535187272506
632
15109087378400117856567658505296806158716
13919297685940771607175474886077907839846426882306
10439626491294752991699949230701584
15224557283255192392
5040185577173419214466841165366314930
193633173296767453992329380716287688988716237162
858209592748834549954
7911450110956875180511098760549360909945238942
6654186837020936565889518
3562233173067637822
173090169631367993288821583187928
13868188285984100849645479779512303502330955742
188837629785937551924161498853843128
11771446
1431404244252161744461988
16483248166451093859455482520292
28673470
572888726206132474749061775271833504396
16245772359652688465187300948763408
514276352821310496023211837666277683716982
174842489028454021044
159826
3251399644
626472098027353138
7603120889964092812038295865669469764092911378440
4851792273366287947118255824691574992659839050
3098104667312648
845515720065292616698
1891441966014
1757156393579524927441301267307280834456
3596666324937932846303575742720
60367240133751074128664024336588849413809607110
656106190711139813809659704643407242258
154292712299107276382523091317635306414
27798
86364803550722688043122953972
2125095937506433123364753485243132
2785983087238855120441352169373830833560320
7032461272652930492621357382631372858986488
270144968545930980013256026558
701448657427356182595635700465435802706273393048
14907506517411946
219080039948685778749645384619841790392008
159699992957720424628987802
16657872656808625868314406705379664
1731806675283755894681610808700593816
88437395002477040161275317156802086
1895720417497881374511444
92626674466770702556472544
1766443708627338288857392289038575465836
814550
857052818128532
7319176
437013881987128
125801715054436722625856435590489313683393074746810
199285222715844
15597706252146286701990
23000
21449609292057758829826190606825808828
19934754322465127293344184536676454149964254753258
13549632825408392313998548263517848
134797160442073657530401150779663521299766170
1813346187136098383707229195567148467082
418498664610041434987974685972430
4041126
13388627852070955151562087136213172
217044
5399168482103397181115272
2089719336308788
1569559594927908778
9811860742116390185979436742974795980298712373772
90536034970234052484555611211068542568082
1729565890628860091384146752
84177556327208320728084
6541944
705899536057513808679752312483477886279887879043946
2561490345326589166265254099419457428484841698816
18857440636652
18991538778660103770566
119590126406
1657038122028024613997567896328374276272935920221836
2188304459013512004923103724187990841749450
122269005354132971954876
1762261486015200959310066461763041884
218460
6256269794896
175150186
1119346
1722689804156970167904
59136708742
156038836718112
1257679036
208872128
3338832648543378348591878822566080383490746866702
2341391619298324545270761831272
1316330369652376761837036848
67841536553943178679304806932
48
15575122700530743358390718244356
9809278685831247035524553259265049817864651636720
20712
42008755535147811013091734
1936018649386704270504
202812728
438062711881025736042169203930
989850584864335870356305747902845833311820654022
179532127177844628
20
1250
111575272849214772
612913327422970
474427319687454051386778581355505588502933461306
10796362594335573680928084
12041347134982766345901332417690534851547268166
85435546828581673556935903102162548283002
4671382
13837739227229776303311816552600
6822254907627631046386754306771277527040042
1119369959155684679937246726995604
20700510291337915107979087227689599849258
523657187364854061810
19346518737958752606719058060596955805701896
333183681158
1600632574833872
15523021433531876506672618
14417671281958075776741810979428
191260795369018576634659981722752316
80101201298
1430728512475610332913457096634
2050
127918978589147883718
1014839470876976138947890
379211809026523598798777509242
181580967868543085145205594342729307606797668
4073948422228241532432920681800
332725548376437992670188
949366
250506428032655164065817144758726360843707210748
12214768656067749956397289839330954671539566341132
1569299116691424498059424169286469797530
181182057840022843610883641658816
1177417878
20525088616960949072969123520524416929788
190186
136233129880372654727729138137030718255423503164
6342
219058473002589143616652541380167934
2350216310126154462114318397557014620688
18630179182365746
16337934815485197337113359435314986804284233134644
1185362781955126331012
15038743223479129530922029738110658513099662
16077785249526
128479082413794472698
4301020710221008
584367659109558
186727260125539638059223176316871566532925461240
1672539894395084851226555879741072926
9876008
1398141241071025594667723996
215353393757662771509034030254678017779335338
21054357743026935138735070428835322756955098
521058033127956795957116295397989939721252430549962
219887270889881696061308743778590376
1098390114192456184726326717278212428
259031529516082
755348374280
634665418692115343536665223766590
3844092
1583920072363091486549758026505764580806664
11830894636456720360248042549040844376236
45920380607671911035159975621846262
828094149899314256276296184849554344
211709244
16800432090976115792390890222720402848317633649004
857586013335738
890
18806654084994593793308687154471594440
70992
53831162471188438017447897234641846
1696751962624620330407624927018426505922588877528410
196093056899592564666
2194903901501853488210384613661419552124
3808760
17141388385887726
1232297318615348749920544234545471083279539296
32989243905782189523849785937733276024215035436626
154413229046776239045006952455232
984437862479296
4735212480027899962541169601028484211898281130904
125482282582
1961371095594546
18104
74667350157771704642810327137781492431467680
13754226733843603460627324180855632
196389612379149030143187508
136444507669549244191049786
594315185511203190
40708
2373049432967206760
13315574468456406905439331797204
14115918987557468545160876671386996806708
209438338634700
113990874995669056380250
79834514
219209108715443665729365172846420205316
26
216568920083182287371254204047467103838426725397936
1467070
19900855096939436358574705378295704195523459625676
1990099319837547961743180624526465919826
28
188210364906969644291281106351312393252180
85686
7967000523861243176
3996480575137027491113944200381603870353689630380
199313972
213854425503113895557771485266650274102917244
11863459199875121426628081456144550
1212228
2902908015203207003881189511674751284524048366
1721000588142041194703231298
173227371234468713275131456568960283222
51656910476591539176316329092
17457849354162277448
178440151328872857797197607394961069066641524
1128109725371190355202330974880137330287060
8578110174
1912585197114367332032430562
1226925708730224852
32025041444966082473768797461518
87435836
7958827585091446038
15118972835637405683738472977774908608336099620
9478
12987749766515506022145632267678781992
95227001608443208495245543518
158941845864709434322290629403525445828432
148716546
136062803418584966052030880935635666386990829350352
18068876479059702028
2024359797597644942
1669070530672557098718092
2316881972
100007330721951552292566054036122166
12023867621186550034961520998
1509374
1633026934254586786236633543319020324
1628869714325163795761338342692137206036052
70772774687105217050795397586844345841366
4482457183381559810712552
13269972623617873667242
191116710621857762323951120084
8400011541742156
185247396403712596999937932790593578080358
757753174913269880
96058378525258852550085652
1051331812573318
79656050574009276829853332844926
1347421998428128982854413260431564708
926158307088368778
200311918809584598249562796
177488161195476659301566903185375126
44702249932086024716
14199973455082105026367466119350150
2115190496621670260130089625974
316911586450505165152
128852649024775756620070
7290680970
1826552808227928552
19492405124356600130477120424204416096594866
10900445040845531575940945098167641748652
835009162946113235605487438534
164844144865494656401190154
212186511329614547874114
79896081339973324124185014648714522734670888
228
10
14904
14
4
1124
6
126
0
4
104
4
6
130
12
14
99182381251988715288
414777386589572173247474611884668144106
1261457450
1407597496967507352423903383236501496
1533939428781445591174395135056769942128807550
556535148727764376522453683499615490844316879732
206456004576762111454068199971586434041120796852594
472050207796272713630
1080848816666
12356940610281486611860548916
195313227732741092199222
182556
8011569885417006368744981869255240257064009752788
204368755519424
21584082
45713814682209748967484423051908518103574057054334
10577191550874059517059812412
2720350048
2025633563333516756410
1336681621445339084256014791184520028390381112802
1714946
25528048503117280833639553046298631836
1514254176992854806296577791474788452048171274952
20364360314
14757393685695390528936438425820914439830638356
194532018480866
1628450701325507144100158860353734562030
24959478512508458876031910119778056246097528612480
456751108671149435552885480422750626
199048149291286419211652349214170479738490019080802
496229426018
1005195896
6936180388275440042360674812
3931491293614
507576230
82366008359673567007760354
4209031115237033787638
21780520784675410987157677794432014450548878843918
11484640989150
17784393093934041314144792888802026445953585230
183378061812698921585803585949525884092077529261200
26384824176546
1004081846
13477658
632440460808211040
190566222126888555181122
69536099192
18
5734
8601624789000
118822400423318885149153414974
1716336
854071484394071428020198937058022069423881951298118
8247400207070164629671002224
1932982625470540549361270676904960718967312788
12444497006219646
198686984334227535803926588357507218
7897039933475513001288706360965977916
2135034766193500004
9159979575991163309029342388899019395795174
34265410925566254
965182619774312982993763528204985329809611664963484
10300
20593216928962996441845334417454297461556472
132640667402844852662
