20
2 1
5
4 5
1 1 1
1 1
1
4 5
1 1 1
1 2
1
10 7
1 2 3 4 5 4 3 2 1
1 2 3 4 5 4 3 2
1 2 3 4 5 4 3
1 2 3 4 5 4
1 2 3 4 5
1 2 3 4
1 2 3
1 2
1
10 10
1 2 3 4 5 6 7 8 9
1 2 3 4 5 6 7 8
1 2 3 4 5 6 7
1 2 3 4 5 6
1 2 3 4 5
1 2 3 4
1 2 3
1 2
1
10 9
1 1 1 1 1 1 1 1 1
2 2 2 2 2 2 2 2
2 2 2 2 2 2 2
2 2 2 2 2 2
2 2 2 2 2
2 2 2 2
2 2 2
2 2
2
11 11
4 4 4 4 2 1 3 3 3 3
4 4 4 2 3 1 3 3 3
4 4 2 3 3 1 3 3
4 2 3 3 3 1 3
2 3 3 3 3 1
1 1 1 1 1
2 2 2 2
2 2 2
2 2
2
11 10
6 6 6 6 3 2 4 4 4 4
6 6 6 3 4 2 4 4 4
6 6 3 4 4 2 4 4
6 3 4 4 4 2 4
3 4 4 4 4 2
1 1 1 1 1
2 2 2 2
2 2 2
2 2
2
10 9
2 2 2 1 4 5 5 5 5
2 2 1 4 5 5 5 5
2 1 4 5 5 5 5
1 4 5 5 5 5
3 4 4 4 4
1 1 1 1
2 2 2
2 2
2
11 19
2 2 2 2 2 2 2 2 2 2
1 2 3 4 4 4 3 2 1
1 2 3 4 4 4 3 2
1 2 3 4 4 4 3
1 2 3 4 4 4
1 2 3 4 4
1 2 3 4
1 2 3
1 2
1
10 15
3 1 4 6 5 4 3 6 5
4 4 3 4 5 6 4 3
3 7 4 5 4 5 4
4 2 3 2 2 1
4 4 3 2 3
2 3 2 3
1 3 4
4 3
1
10 15
1 1 2 4 3 4 3 1 2
1 1 4 3 4 2 1 2
2 3 2 5 3 2 2
5 4 5 3 2 3
5 2 5 5 5
5 5 2 3
4 3 4
3 3
1
10 15
6 5 6 3 2 1 5 2 3
2 1 4 5 5 2 5 4
1 3 4 4 2 3 2
3 4 5 1 4 3
1 2 2 2 3
1 3 2 3
4 1 2
4 4
1
10 15
3 3 1 5 4 2 2 6 2
2 4 4 3 1 4 5 3
4 6 5 3 5 7 4
4 5 3 1 5 1
1 3 3 3 4
2 4 4 5
4 5 4
4 2
6
10 15
3 4 1 6 3 3 3 2 2
4 2 3 2 1 3 2 1
3 6 4 4 5 4 3
5 2 2 3 1 1
3 4 6 4 4
2 3 1 1
3 2 1
3 2
1
10 15
3 2 2 1 5 3 7 3 5
3 3 2 2 4 4 2 4
3 1 5 1 5 4 4
3 3 4 7 1 5
4 2 6 4 5
6 6 2 6
4 4 3
6 5
4
10 15
1 7 3 3 3 5 4 5 4
6 2 3 2 5 3 6 4
6 5 4 5 3 5 4
1 4 3 3 6 2
3 2 2 6 1
3 1 8 2
2 8 1
8 1
7
10 15
4 5 5 5 3 4 3 3 2
2 5 5 4 3 7 3 2
4 3 6 5 8 4 3
5 2 3 5 2 3
3 2 6 5 6
1 3 4 5
4 3 4
5 5
1
10 15
1 3 2 3 3 5 2 4 5
4 3 2 4 6 3 3 6
4 4 3 3 1 5 2
5 1 3 4 5 3
6 4 3 1 4
2 4 5 2
4 3 4
4 3
5
10 16
3 2 1 2 1 2 5 1 2
5 2 2 4 4 6 4 5
3 3 3 4 4 3 3
3 2 3 4 2 3
3 2 7 3 3
1 4 2 3
5 3 4
6 7
3
