58
4 4
7 30
9 27
8 27
9 28
4 1
3 1
4 3
2 1
6 12
25 1
26 5
27 0
27 1
29 6
29 5
4 5
4 1
3 2
5 2
1 3
6 2
3 5
4 6
6 1
4 3
1 5
6 3
8 20
6 15
12 21
12 20
12 16
10 21
10 22
8 15
11 16
1 5
8 6
1 2
8 5
7 1
2 5
6 1
4 1
3 6
8 7
4 6
8 4
7 6
4 5
8 3
6 2
8 1
3 4
7 4
3 7
10 39
31 18
23 25
27 20
28 20
28 16
31 20
23 18
26 17
31 17
23 22
8 3
4 3
7 4
10 7
1 9
10 3
7 3
5 4
6 1
5 2
9 4
5 3
2 3
1 3
5 8
7 8
2 8
2 4
8 4
10 8
7 5
1 5
10 2
7 9
6 2
6 8
1 2
10 5
7 6
1 4
9 3
6 5
5 9
6 4
10 4
7 1
10 6
8 9
1 8
12 57
21 20
24 13
26 15
24 18
25 15
24 21
20 18
21 24
30 13
22 23
25 22
28 20
12 2
12 1
4 3
12 3
10 2
6 5
3 5
9 4
3 8
1 6
10 4
11 3
7 12
7 6
12 8
12 5
8 5
2 5
12 6
7 2
11 9
7 3
3 2
7 11
10 3
9 2
9 6
1 8
10 6
9 8
10 5
1 3
6 3
4 8
8 2
10 12
11 6
9 5
11 10
9 12
9 10
9 3
1 2
11 1
11 8
9 1
4 12
4 5
4 6
7 1
11 2
7 10
11 12
4 1
7 5
11 5
10 8
14 78
35 30
32 35
26 28
37 30
34 27
37 33
37 26
25 32
35 28
38 32
25 33
27 35
25 29
29 35
3 2
1 3
12 9
8 3
13 5
1 2
14 13
8 4
8 2
3 14
4 6
12 6
9 6
9 13
6 5
4 13
14 11
1 4
11 5
9 11
14 7
13 10
8 14
11 7
8 7
2 7
4 14
12 10
3 13
12 8
2 9
10 11
10 7
8 11
4 2
9 7
6 10
2 10
1 6
12 13
1 9
1 11
9 10
1 5
3 4
8 5
12 11
1 14
13 7
3 6
5 7
10 5
4 7
2 14
6 11
8 9
2 6
12 5
14 6
12 4
4 9
14 10
8 6
12 3
14 9
9 5
3 5
1 10
8 13
3 7
3 10
1 12
14 5
8 10
1 7
1 8
12 7
6 13
16 113
13 26
16 23
22 24
20 31
11 26
11 22
16 26
14 23
8 26
16 24
17 19
8 18
7 19
9 20
14 29
16 29
10 5
6 4
6 16
2 3
14 16
6 7
11 8
15 10
5 1
7 3
10 3
11 16
4 13
15 5
11 3
4 3
5 3
10 1
6 8
2 15
4 15
8 3
12 8
11 5
15 1
4 16
15 13
11 1
8 5
11 4
12 10
8 1
6 3
2 8
7 10
5 16
11 13
14 13
4 8
6 15
11 14
6 9
1 16
8 9
11 10
2 12
10 13
9 13
9 3
2 5
2 1
8 16
15 16
11 7
4 7
8 10
8 13
12 15
7 13
15 14
7 8
2 14
5 13
9 14
2 6
6 5
15 9
6 10
3 16
2 9
4 1
15 7
7 16
11 9
7 14
9 5
15 8
12 3
2 4
12 4
2 11
3 14
12 9
14 1
2 10
6 13
12 11
3 1
16 13
11 15
12 7
4 10
12 13
2 13
8 14
12 6
12 16
9 10
6 11
7 1
1 13
15 3
12 1
10 14
4 9
5 14
6 14
6 1
12 14
9 16
4 5
12 5
3 13
1000 500
30 84
73 59
34 35
33 4
15 23
97 55
51 22
11 4
61 65
41 61
98 80
71 20
15 40
53 66
22 10
92 89
54 0
70 63
27 49
63 7
20 38
58 93
79 87
10 31
54 61
92 62
30 68
54 53
29 95
22 53
16 24
32 12
46 64
91 2
13 11
24 63
83 100
39 10
44 92
98 56
54 93
58 40
1 63
3 13
16 40
33 34
45 7
19 23
43 39
23 64
63 23
43 55
4 53
51 68
3 12
82 75
55 63
32 89
49 51
69 26
18 13
9 98
20 80
50 7
16 25
52 94
98 84
2 59
22 100
38 11
49 75
88 30
55 49
1 24
8 92
67 50
25 32
9 63
78 22
64 56
41 37
91 85
17 29
75 54
60 18
55 0
77 32
32 85
38 96
62 4
36 91
32 53
14 93
24 70
36 96
95 50
51 95
24 3
46 85
14 11
71 4
38 95
78 2
17 10
72 99
18 23
82 12
28 87
94 78
67 91
18 14
25 86
7 91
62 94
99 42
12 16
58 8
31 58
6 70
0 53
100 80
60 64
94 77
99 79
28 60
12 24
30 54
10 27
5 72
79 12
6 66
6 96
21 99
98 42
43 10
52 68
1 69
21 90
47 18
29 68
13 61
21 60
89 27
54 50
1 28
15 59
63 97
76 51
65 81
85 61
96 54
11 66
63 92
93 83
87 100
55 3
31 86
100 64
84 64
68 63
74 99
47 64
81 19
57 42
94 51
46 83
88 92
39 53
87 99
65 56
89 43
67 66
72 101
27 59
36 27
16 61
75 32
99 95
45 3
99 94
24 32
70 34
48 16
72 29
6 6
64 96
70 21
94 35
54 65
64 6
11 31
13 30
51 24
62 59
62 24
46 74
77 59
39 28
18 46
49 62
98 53
79 88
62 5
10 28
12 33
14 61
82 40
36 26
68 74
75 55
67 47
15 71
46 7
34 33
35 8
23 44
80 24
10 63
36 69
37 10
86 68
82 76
22 20
33 46
64 49
4 87
38 21
78 54
81 42
46 5
86 67
88 6
52 22
2 43
15 61
57 66
62 26
93 88
47 41
83 27
2 73
29 32
18 11
30 100
82 49
77 21
37 68
47 68
23 13
2 97
23 5
64 16
86 16
34 37
56 73
43 40
46 24
25 8
48 75
62 60
95 58
59 63
21 58
30 6
29 39
62 62
83 28
83 21
82 7
88 50
89 48
36 100
36 99
11 54
8 38
20 79
47 24
84 41
91 28
2 21
71 86
25 6
1 45
47 6
12 25
8 87
3 67
46 19
2 22
4 74
11 33
12 95
16 26
37 72
21 43
18 1
72 85
42 40
43 62
56 20
90 43
21 26
11 3
63 26
35 33
95 16
97 56
99 85
54 2
88 46
47 16
82 54
16 71
10 68
37 25
34 60
90 28
74 44
43 53
22 44
69 63
99 27
5 33
87 30
21 42
98 54
15 43
13 97
71 3
63 96
73 18
22 27
11 88
31 66
99 22
5 34
11 30
35 68
77 60
9 76
2 77
65 86
58 91
6 22
45 28
76 31
60 63
51 5
28 47
8 47
30 83
11 34
58 22
70 4
44 9
87 86
67 20
24 31
44 10
31 84
56 35
68 10
83 82
32 33
56 64
87 68
41 36
88 33
47 81
9 85
64 70
5 22
44 0
46 89
14 92
15 69
37 92
2 96
75 13
7 61
37 91
74 25
23 6
94 45
60 98
50 93
99 81
1 54
60 16
42 38
29 16
10 66
21 39
75 91
6 55
74 41
45 92
85 65
6 5
26 62
81 6
7 14
92 90
17 9
22 40
35 34
20 10
69 48
23 87
80 63
88 34
53 52
71 101
47 86
61 78
71 85
9 87
45 22
79 54
54 21
95 22
78 32
3 74
41 64
47 69
77 9
14 43
33 59
2 27
55 22
96 92
53 1
2 68
95 52
57 3
78 71
41 39
4 33
100 81
80 42
36 92
72 30
38 97
38 53
48 27
45 27
33 66
2 25
63 34
100 65
9 46
63 63
13 51
47 87
15 53
12 50
69 47
94 11
6 48
5 55
23 19
95 24
48 100
24 87
96 96
34 4
33 67
23 88
88 93
3 66
28 86
64 65
37 97
13 8
92 97
35 36
45 72
9 80
77 87
55 2
80 13
45 94
98 45
61 18
29 11
61 64
46 87
85 62
43 54
21 19
31 59
72 3
0 30
28 35
89 26
7 71
63 56
23 41
98 8
73 58
1 44
9 45
61 83
47 65
34 0
82 8
33 47
87 85
57 74
12 8
100 91
1 43
24 64
37 69
32 34
21 30
32 88
44 62
10 62
58 3
66 87
23 43
40 59
11 36
3 32
52 14
0 65
94 46
95 96
40 69
17 46
45 30
77 71
96 15
81 54
9 81
25 13
64 93
68 54
46 90
67 95
29 31
1 27
51 92
61 17
58 41
100 27
96 58
83 101
75 52
37 64
60 99
91 83
68 35
67 46
30 12
67 64
8 28
99 8
24 5
97 44
44 48
30 65
17 19
13 78
27 6
47 48
22 61
43 61
14 83
19 6
10 45
38 50
67 96
38 63
18 5
40 62
23 45
9 31
59 11
45 95
37 73
99 86
65 35
47 47
44 47
18 51
18 67
97 36
83 22
9 84
12 49
67 65
97 83
96 55
62 82
27 91
30 98
61 41
13 33
72 83
34 38
75 14
10 88
36 10
74 24
93 18
64 34
68 19
71 99
72 98
68 30
90 5
30 39
46 8
82 41
91 44
51 23
25 7
63 48
29 17
65 96
14 53
80 19
67 34
50 4
54 52
64 8
24 72
52 73
9 97
0 31
82 95
51 18
39 75
67 51
41 68
19 84
20 9
84 40
22 9
86 15
12 32
55 21
88 5
42 58
28 69
98 46
24 30
28 68
69 30
66 67
87 46
5 71
45 53
28 92
1 46
29 69
52 13
100 22
29 47
71 84
90 85
28 96
77 8
53 72
68 16
84 19
26 48
56 65
31 83
31 98
43 58
39 58
43 74
35 97
29 82
87 36
12 9
9 79
68 73
46 95
58 43
19 97
87 50
82 50
6 95
88 31
17 20
60 40
83 20
12 52
17 67
80 44
66 55
31 6
98 55
79 64
17 75
92 96
26 61
11 32
24 6
86 35
82 9
25 46
99 91
95 15
63 15
7 62
46 63
72 17
83 11
46 11
61 89
17 0
93 82
85 69
45 48
69 27
51 17
23 70
5 56
13 79
79 24
60 67
62 56
22 59
18 12
76 86
42 83
3 52
58 21
46 6
30 44
7 93
65 85
81 90
25 14
59 1
88 9
22 45
93 34
84 20
30 96
7 92
94 34
6 47
95 65
12 55
22 43
58 66
73 19
82 96
11 35
43 83
36 97
60 62
34 34
13 31
23 18
12 48
8 14
64 48
43 11
60 68
48 28
38 22
45 31
45 2
34 9
25 47
67 73
35 0
50 22
7 47
81 43
99 82
10 89
87 91
53 74
70 51
94 88
76 95
37 27
16 29
24 41
67 74
94 52
29 24
22 52
62 89
68 55
91 30
8 64
92 61
64 7
54 51
57 67
39 76
20 13
21 40
91 84
17 52
68 92
45 71
46 82
73 66
46 10
96 24
25 4
10 67
31 82
47 83
89 4
74 40
71 18
69 15
50 23
55 93
48 41
99 66
63 8
12 10
54 20
22 90
41 84
26 99
88 42
91 29
30 55
5 65
34 93
74 90
29 23
67 10
37 96
73 67
47 100
12 31
64 71
33 52
44 1
65 57
88 29
30 69
9 38
12 99
41 38
70 50
73 97
42 27
29 96
38 51
97 37
38 71
44 75
97 45
3 43
95 14
26 100
71 100
81 89
65 7
64 80
59 12
19 98
49 8
42 24
58 92
2 74
47 84
55 1
30 99
58 7
63 94
10 46
32 54
91 9
56 63
71 34
87 15
52 72
87 16
20 58
33 73
66 86
41 27
34 92
55 51
43 56
42 84
43 48
1 77
65 80
26 96
94 65
43 63
35 3
71 88
26 7
94 53
45 21
74 14
91 1
63 64
21 29
75 43
58 2
3 88
27 36
17 74
12 51
72 100
10 90
61 77
96 22
66 68
53 3
76 94
10 81
8 76
16 68
36 71
83 10
87 92
0 66
22 13
27 53
60 25
24 62
49 61
20 14
72 88
55 50
41 24
91 8
95 34
53 60
64 82
88 8
33 13
57 65
7 29
6 56
66 85
89 49
56 21
45 54
26 53
3 87
65 34
12 98
81 12
12 100
37 70
50 51
96 93
94 17
14 84
72 86
40 28
27 5
67 85
22 60
61 25
74 12
58 94
64 47
35 2
25 72
34 73
13 16
83 81
14 60
83 19
1 64
32 52
58 65
99 67
46 94
41 65
2 60
35 35
12 30
47 80
20 84
4 88
12 96
56 34
58 64
36 70
26 95
94 12
1 29
30 45
46 73
78 3
75 100
96 52
615 47
277 257
116 973
736 75
811 98
651 612
253 642
342 521
835 790
511 707
863 738
671 360
778 439
538 153
351 677
851 611
669 19
416 297
500 2
686 245
119 496
406 305
607 959
809 714
21 393
882 884
897 749
17 432
675 857
917 421
419 228
460 395
817 712
193 775
915 779
194 260
338 219
906 472
660 335
954 107
102 89
435 520
798 144
248 425
222 56
652 918
201 326
794 317
974 363
95 473
191 643
224 507
462 810
492 329
87 422
319 489
149 940
483 858
231 366
73 935
113 746
81 367
883 666
605 220
309 919
932 200
181 77
876 114
542 242
9 486
631 62
720 60
502 572
591 370
730 479
243 729
323 336
630 781
325 751
452 266
221 718
787 498
551 575
407 639
845 72
58 517
175 785
727 497
632 493
285 126
409 468
28 412
207 616
649 358
529 465
829 171
796 26
410 698
554 625
80 844
291 352
645 232
237 304
13 45
544 386
16 403
265 614
988 951
252 709
608 449
420 644
52 891
141 206
606 382
719 562
860 534
68 983
769 532
42 546
474 510
914 173
117 875
53 732
601 662
151 595
972 886
815 613
227 768
764 225
187 12
920 784
944 558
51 195
747 938
818 667
41 820
361 990
735 996
681 209
431 958
964 887
801 933
931 36
48 106
268 590
658 647
311 183
233 618
321 18
100 35
362 836
762 592
64 868
405 802
74 448
404 104
898 518
741 941
236 943
197 339
911 494
653 310
679 824
864 628
825 430
673 646
539 793
509 255
894 341
519 218
663 82
849 437
661 349
312 535
108 471
805 110
226 910
814 872
850 782
499 559
6 697
721 634
109 123
700 475
593 172
843 373
160 557
569 299
665 426
740 909
903 418
31 5
952 584
374 540
179 770
573 854
192 760
292 989
376 923
999 161
441 377
635 800
939 25
272 273
37 549
848 955
711 33
890 627
745 29
570 960
655 949
694 777
640 278
398 159
763 402
597 656
167 469
733 353
991 979
198 962
139 288
922 340
913 692
957 59
687 132
92 878
344 372
946 737
526 659
581 682
578 742
543 429
216 522
750 274
536 921
302 332
264 696
71 259
241 871
806 477
553 803
22 968
953 328
792 715
633 754
984 476
877 451
579 24
97 66
294 856
862 413
457 408
463 839
664 853
270 685
541 574
515 364
267 240
39 397
154 717
610 105
436 533
234 859
199 531
78 795
484 389
637 530
908 318
585 567
130 481
482 981
713 925
478 680
772 706
256 298
164 683
994 458
603 904
334 563
280 289
985 702
771 215
688 324
150 488
46 3
356 508
440 229
641 15
69 133
837 443
337 840
626 348
961 281
874 244
766 726
254 602
67 594
759 214
708 306
480 156
135 765
929 950
978 842
912 699
916 415
27 846
586 893
303 8
827 892
94 722
174 125
654 129
695 170
247 514
148 550
905 34
391 621
131 832
55 44
992 956
384 528
14 189
928 249
773 788
927 527
146 975
446 345
20 823
390 49
485 556
32 942
571 576
286 417
368 411
423 290
467 447
582 924
276 63
963 566
262 122
761 461
455 623
491 118
678 704
205 600
128 204
971 629
758 347
84 210
587 804
744 668
986 369
900 934
609 357
895 865
724 565
350 776
275 847
424 982
433 137
282 901
90 203
392 152
269 401
330 147
383 703
998 103
322 547
115 134
399 185
739 537
617 301
808 838
359 355
346 177
380 710
65 293
560 251
145 995
888 852
966 930
588 693
61 111
545 85
716 296
676 757
869 936
650 140
828 861
43 977
101 354
331 753
970 899
969 620
182 881
188 743
505 774
163 624
670 365
165 789
907 516
385 552
283 657
394 834
186 622
701 400
967 379
976 691
501 512
997 196
604 333
456 453
450 158
580 866
327 427
263 885
208 315
513 50
76 636
987 638
548 261
690 599
445 767
993 896
454 487
388 120
246 79
271 947
564 689
381 91
822 980
284 213
295 320
684 867
142 728
313 212
176 235
168 444
723 945
821 239
705 506
937 879
4 466
755 524
57 880
223 490
816 396
926 780
127 831
371 841
38 70
316 428
96 902
40 307
300 948
30 791
54 136
813 1
238 783
180 178
731 756
375 93
799 752
202 23
230 734
748 459
464 112
162 504
438 525
674 523
190 797
833 889
561 648
826 138
99 414
169 155
598 672
819 7
596 503
470 287
434 1000
157 88
725 217
86 873
812 314
589 855
258 619
308 583
807 166
378 250
387 121
577 10
965 568
442 184
555 211
279 830
495 143
343 870
786 83
124 11
48 61
7 24
9 14
13 25
13 6
3 10
12 18
10 10
6 23
16 27
14 22
15 28
15 23
3 9
18 20
18 19
10 12
14 32
19 31
13 31
12 10
11 23
11 29
11 19
13 26
17 30
10 11
17 25
15 1
16 23
8 28
10 13
6 26
9 16
7 12
16 31
10 9
14 10
14 8
15 35
2 17
2 14
11 37
10 22
13 24
5 15
17 36
7 9
11 4
35 18
33 34
9 23
46 18
13 45
21 9
10 29
7 48
9 15
36 47
42 39
23 15
14 15
39 11
34 45
14 6
3 24
44 32
6 9
13 5
22 18
38 48
28 20
28 47
6 15
4 47
29 9
33 45
47 37
19 22
12 27
4 26
11 46
43 30
29 15
2 31
42 11
24 43
14 21
16 5
36 38
3 8
37 26
41 2
11 18
34 40
27 9
39 19
32 1
25 42
16 40
19 46
17 35
12 9
35 25
40 31
17 18
1 8
36 4
4 7
42 22
48 54
13 5
27 9
19 8
5 10
11 6
26 9
28 7
12 4
10 3
14 4
4 4
16 8
33 9
26 12
9 8
21 31
25 7
2 7
25 4
10 4
19 26
31 12
8 7
29 10
21 33
29 11
27 6
19 30
27 7
6 10
28 8
18 32
23 25
17 11
16 30
5 9
29 7
18 10
16 5
11 7
30 10
15 29
28 2
6 9
15 33
26 4
22 4
23 26
24 29
19 6
1 39
26 2
4 44
20 36
8 40
41 2
14 41
32 25
26 13
27 17
3 10
31 37
17 2
35 16
47 7
15 23
16 25
19 47
8 5
8 3
8 39
43 37
12 10
48 42
38 10
14 24
9 30
38 12
18 20
34 38
22 27
15 18
28 45
11 4
14 22
12 39
23 44
39 40
46 43
20 11
46 7
7 31
45 33
6 37
35 32
21 28
5 10
32 45
1 12
41 22
12 40
24 17
44 55
17 28
26 22
27 14
30 21
29 20
25 13
5 34
29 22
36 24
26 19
28 22
9 34
29 13
25 21
27 21
6 30
30 18
17 33
15 34
36 25
7 35
15 28
34 26
36 26
28 25
35 18
27 15
29 24
10 31
27 13
14 31
28 13
24 22
30 27
12 30
5 35
16 28
30 20
3 34
28 26
19 30
30 19
27 20
4 32
6 3
9 28
38 42
42 10
18 19
3 13
22 41
36 29
15 10
35 18
32 27
25 23
30 3
14 10
27 43
44 7
28 8
36 39
7 39
16 12
26 40
5 38
28 26
20 24
17 3
23 20
44 21
9 20
24 26
42 14
32 4
30 4
43 4
25 40
6 30
2 15
25 28
42 33
15 14
37 19
35 37
13 27
17 27
13 4
38 2
1 18
42 15
17 13
31 18
39 21
32 17
1 31
9 34
11 32
23 26
44 48
15 29
16 31
34 24
5 30
29 22
33 21
35 23
20 31
34 25
32 20
23 26
29 24
30 22
30 25
22 27
27 27
27 9
31 24
30 8
3 31
8 30
31 15
36 21
35 27
29 14
15 28
35 25
15 30
5 29
3 26
8 29
32 21
17 29
31 11
33 20
26 11
32 22
18 23
25 8
18 30
6 26
35 19
3 24
30 13
25 17
12 42
7 37
19 25
12 5
26 15
25 36
3 32
10 35
6 5
6 42
40 11
23 35
28 2
42 7
36 22
24 12
16 37
4 20
44 17
18 23
8 15
43 31
41 4
4 31
14 37
7 16
18 32
34 22
6 37
30 29
39 36
13 35
33 11
9 14
13 18
40 8
44 34
21 20
5 16
23 10
38 33
1 38
1 33
39 19
6 7
23 27
24 5
52 105
10 24
34 8
2 23
21 2
34 7
19 15
15 16
1 22
8 8
24 16
21 4
9 8
18 5
22 9
27 8
23 9
30 6
8 9
5 18
17 16
20 25
24 17
21 3
15 27
1 19
10 14
25 14
15 11
7 16
15 3
29 12
5 19
9 21
20 14
15 5
16 11
8 17
19 8
10 18
14 8
12 9
34 6
10 13
12 30
18 2
3 20
18 34
20 5
27 11
22 4
24 6
32 9
18 9
10 20
14 36
39 3
5 42
1 25
26 12
19 25
52 5
17 31
39 19
14 6
35 50
23 45
3 25
22 38
43 12
30 50
48 13
48 45
14 38
49 5
29 40
34 20
10 6
2 5
16 34
24 47
10 22
40 28
18 43
15 42
51 50
14 34
22 20
46 32
43 28
50 13
17 52
32 1
9 28
24 44
4 50
18 40
26 28
25 37
26 41
6 27
50 48
9 41
18 28
15 49
11 13
30 4
24 21
6 22
1 37
34 36
19 1
9 26
39 8
33 8
18 29
16 36
4 23
48 23
45 11
4 48
43 9
38 27
34 38
29 12
39 46
18 7
33 19
28 41
16 22
37 8
7 9
52 49
30 13
18 26
32 8
35 23
6 36
52 42
46 33
15 5
32 19
51 13
35 11
10 27
51 4
3 33
33 37
30 35
52 2
14 20
4 45
29 28
40 12
1 24
10 16
23 11
16 6
48 88
15 19
23 34
22 24
25 34
19 16
29 39
15 27
23 26
32 46
26 28
21 32
20 37
25 27
24 31
24 22
22 32
20 21
21 30
17 21
15 18
19 29
20 29
27 29
26 42
22 15
26 34
21 33
15 30
18 30
22 33
15 26
29 38
34 37
15 31
21 27
23 18
21 17
22 31
29 34
29 37
20 35
24 34
18 23
27 32
27 30
24 28
17 28
26 27
21 30
43 20
5 25
19 25
21 26
14 48
45 32
17 1
41 21
40 11
28 34
18 31
17 20
45 2
10 30
27 39
23 11
45 44
36 20
14 38
6 9
45 40
18 29
17 5
28 3
34 29
44 2
13 35
19 20
5 37
38 13
14 35
11 39
16 42
44 12
44 27
40 2
30 42
32 11
41 26
14 8
38 48
16 30
1 19
32 12
20 25
15 19
37 36
44 39
15 37
10 26
31 29
17 36
23 12
6 24
23 39
41 10
17 15
47 7
46 8
17 37
26 16
22 48
18 34
1 5
7 29
3 47
13 46
15 25
11 27
6 33
12 27
42 6
5 19
11 12
47 34
1 20
2 32
37 20
14 46
17 43
13 22
12 39
5 43
32 23
10 4
45 39
43 15
30 58
26 20
8 7
26 8
23 5
22 6
6 8
10 22
8 10
24 22
27 5
21 6
10 10
12 18
8 6
7 20
22 4
10 8
24 21
22 22
7 23
26 18
27 19
24 2
10 18
22 1
27 6
26 7
9 20
23 3
26 3
25 10
27 29
4 26
27 16
8 6
15 24
25 3
18 21
18 1
14 12
3 10
23 29
17 8
30 16
18 22
2 12
4 25
16 29
7 24
29 11
6 2
30 29
21 19
22 21
8 2
20 24
28 13
13 20
22 19
10 26
5 10
17 12
5 4
27 30
5 26
17 14
22 1
14 6
23 11
4 3
27 23
19 9
28 7
1 9
15 7
20 15
25 26
4 10
18 19
28 24
3 26
13 15
21 1
16 11
13 7
30 11
18 9
17 2
32 66
22 14
25 28
30 30
18 18
7 25
24 31
21 16
28 33
21 28
23 31
30 31
14 20
20 16
8 20
18 19
1 21
2 18
18 21
5 25
20 26
1 24
29 34
17 18
31 33
22 26
1 23
19 19
14 22
1 20
13 19
18 20
29 29
11 3
5 26
14 17
8 24
23 18
1 23
29 16
6 9
21 19
31 15
15 28
5 29
25 6
29 14
30 4
1 13
29 17
21 14
5 21
32 11
12 28
31 12
30 28
2 10
7 18
2 6
17 19
24 3
22 8
26 19
5 16
31 28
30 15
1 27
20 10
22 32
7 1
24 11
5 17
14 19
12 15
4 28
23 13
9 10
4 15
14 16
5 19
20 6
16 17
13 18
8 3
4 12
8 11
17 26
16 26
29 19
20 25
27 23
16 19
20 2
7 13
1 18
32 3
14 26
7 27
20 9
32 65
18 8
17 6
8 28
31 13
8 27
16 32
30 10
16 33
26 21
19 9
30 14
24 11
27 20
15 28
30 13
6 28
15 33
6 26
27 19
31 12
6 27
16 28
27 22
15 9
24 8
13 32
27 12
6 23
20 7
25 19
25 22
18 5
20 15
20 25
25 12
29 10
16 5
1 24
6 8
30 23
29 32
20 4
25 7
28 5
18 5
27 7
12 7
30 19
9 31
14 8
6 26
26 8
20 27
22 17
25 15
9 13
14 17
3 16
27 12
32 2
14 6
15 11
6 17
7 15
21 18
1 32
29 2
1 29
17 8
21 16
28 3
27 25
19 31
9 23
20 12
30 13
2 24
19 13
20 7
21 5
2 10
1 2
14 22
25 11
4 11
20 11
3 5
18 3
12 11
25 4
26 17
24 10
23 13
27 11
22 6
15 4
27 15
34 77
7 14
9 29
30 5
4 14
9 13
7 29
4 30
24 7
9 14
26 5
5 14
12 17
7 13
10 14
11 12
11 11
6 17
4 15
28 7
8 14
30 4
29 3
28 8
5 13
8 16
6 12
9 32
5 30
7 11
0 14
3 13
4 28
30 8
7 16
14 15
9 12
18 24
27 6
30 4
30 31
9 13
19 23
7 32
8 3
25 20
16 14
27 2
20 12
10 33
10 19
13 1
22 19
29 15
18 31
18 4
25 17
24 11
24 4
5 26
32 2
33 8
34 12
22 10
9 25
22 3
28 2
17 12
5 16
7 6
16 29
21 3
10 3
16 15
8 19
7 27
13 25
18 11
21 19
34 25
24 31
1 25
30 24
9 34
22 33
13 17
32 28
4 11
13 20
8 23
5 15
22 8
1 17
13 12
31 11
1 12
6 32
9 20
7 2
7 28
6 2
19 3
26 15
33 3
6 28
8 21
23 3
14 26
34 1
18 30
1 20
26 29
46 58
13 12
21 15
12 21
21 11
18 8
22 19
18 7
11 29
13 31
16 13
11 21
10 37
16 24
16 33
13 28
8 26
16 12
7 25
20 19
19 16
16 20
19 15
19 24
19 20
8 32
15 24
15 34
18 9
20 11
13 11
13 15
15 9
9 26
17 36
19 10
6 22
12 31
15 8
20 12
13 33
6 24
20 13
21 9
13 37
14 14
15 15
17 38
1 30
27 12
15 3
43 7
13 24
5 4
36 11
16 33
44 27
24 23
11 16
22 21
23 6
1 17
38 28
24 21
2 26
5 10
8 25
30 29
11 3
13 22
32 39
45 43
4 43
41 3
14 25
42 5
44 12
44 37
10 39
25 12
1 38
33 18
2 22
2 21
34 14
28 20
45 42
29 46
15 36
27 8
38 29
4 7
5 32
27 9
45 10
31 6
31 13
36 3
35 7
40 9
19 24
4 32
42 10
26 21
46 20
50 63
8 7
3 22
13 10
26 32
24 29
23 34
8 23
4 22
10 21
24 24
10 15
5 19
26 24
9 15
2 19
4 9
7 9
7 10
7 13
14 14
20 24
9 16
8 24
5 15
26 29
5 10
2 16
27 33
12 8
10 17
7 11
6 14
5 24
11 23
12 15
11 15
10 12
10 11
5 9
6 16
9 19
12 11
29 33
3 18
13 11
7 19
15 16
25 27
4 7
15 20
31 16
4 28
9 41
7 41
24 14
3 17
47 11
37 16
21 25
3 45
50 7
42 16
7 9
50 36
21 48
30 34
27 15
15 2
7 36
24 31
50 41
22 30
42 37
45 29
11 36
34 12
44 19
37 19
47 36
20 47
43 10
32 1
24 40
14 40
33 23
24 16
14 19
27 33
38 18
46 7
29 18
33 34
40 37
29 38
42 26
49 18
26 19
29 49
27 30
34 23
25 13
8 23
43 4
35 46
16 19
17 39
17 49
26 40
6 28
5 43
5 25
5 6
13 6
50 60
17 26
32 19
15 29
20 29
25 25
19 33
22 15
15 35
14 25
27 28
22 27
28 24
27 21
29 23
12 32
16 30
21 27
15 30
17 28
29 25
17 19
13 30
19 11
20 27
18 13
12 25
14 29
14 30
32 18
27 29
14 26
16 12
20 33
22 26
15 18
29 21
12 30
22 11
22 20
31 25
28 25
33 21
18 29
25 22
31 26
29 20
31 27
12 31
24 14
21 20
27 15
22 27
34 44
47 36
13 44
2 46
26 37
11 5
31 24
40 46
12 30
26 28
8 15
22 8
35 23
2 42
21 50
16 18
27 33
30 10
24 28
1 43
49 23
14 36
40 29
42 20
40 14
28 48
37 31
25 39
31 48
38 50
29 20
39 32
45 36
1 4
3 43
33 15
18 28
42 45
8 33
10 17
15 19
20 47
46 45
35 7
26 31
1 19
17 34
41 34
43 33
30 44
7 23
6 18
25 38
40 36
3 19
9 16
2 36
42 46
48 50
27 21
24 30
18 35
20 27
23 14
24 27
28 21
37 35
23 30
28 20
25 14
30 17
24 14
25 15
24 23
25 22
38 32
26 21
26 19
38 33
19 34
20 21
31 14
28 19
19 32
25 34
31 35
23 20
23 19
36 33
24 34
30 22
32 14
26 18
35 28
26 26
34 35
20 25
29 28
35 34
28 18
30 16
26 30
27 23
26 22
24 21
25 33
35 33
41 24
44 5
15 28
36 38
8 37
48 8
39 48
39 30
12 45
13 44
19 23
13 29
21 25
18 11
6 25
41 5
33 7
8 20
39 27
13 10
17 20
18 5
3 6
43 31
35 37
22 28
18 13
43 47
26 2
30 27
9 21
24 10
24 18
27 20
34 1
27 40
22 16
19 7
5 14
38 4
14 29
46 36
24 11
6 9
7 32
42 12
34 42
45 33
47 25
10 11
50 93
31 21
21 12
23 15
27 10
9 11
24 12
24 18
29 16
2 3
7 4
28 13
28 14
21 17
24 19
26 8
2 4
28 21
8 11
23 17
25 24
28 18
4 2
25 22
12 22
27 29
30 36
30 14
10 17
24 20
11 18
13 21
29 15
31 22
3 3
6 17
8 10
12 21
22 26
25 12
24 32
26 15
27 20
24 13
9 9
25 16
5 2
12 20
7 24
28 10
32 27
25 40
33 14
18 16
10 44
3 27
41 32
4 2
18 10
44 16
43 49
11 13
7 33
41 29
6 49
5 22
18 9
9 16
33 1
33 21
2 49
18 44
8 32
10 22
14 23
33 23
22 9
17 20
46 5
31 30
24 31
48 31
10 46
44 36
32 19
14 21
49 45
47 28
43 6
43 2
12 8
42 23
25 50
43 45
46 22
45 39
48 28
46 9
28 30
47 30
46 16
36 9
38 14
37 24
12 27
14 42
44 9
4 39
12 19
3 19
11 49
48 24
1 23
7 42
4 45
10 16
29 12
38 25
35 31
25 26
15 43
3 8
15 6
38 1
12 32
48 30
35 48
3 41
34 46
33 38
42 1
20 23
17 21
2 6
38 42
7 1
47 31
34 16
21 42
47 37
11 2
20 42
10 5
19 27
48 88
29 30
29 21
12 33
28 24
25 25
23 32
8 31
7 27
10 30
4 38
10 29
15 17
12 18
14 17
23 28
18 17
18 29
31 29
3 33
10 42
14 18
13 12
18 32
1 30
28 25
26 22
5 31
27 21
2 32
31 30
31 25
29 24
25 23
21 29
29 22
10 31
7 35
4 36
21 30
20 33
26 27
13 17
34 29
17 34
20 28
25 27
16 19
22 33
21 13
36 29
48 17
21 47
38 9
38 7
40 34
6 48
45 34
47 14
21 14
6 23
22 42
34 39
26 41
23 15
26 28
24 19
37 20
34 48
31 32
45 39
33 41
46 28
11 29
48 44
47 16
5 41
38 27
5 46
23 48
2 5
7 27
38 36
6 39
6 15
24 8
28 35
31 1
15 48
7 11
34 15
26 33
40 45
23 34
37 3
1 43
38 19
17 44
37 10
23 40
22 47
32 25
39 15
26 46
21 16
23 17
4 43
26 35
29 37
1 25
29 9
13 47
11 9
18 31
4 25
39 44
21 12
30 25
27 9
30 1
22 12
22 21
35 33
8 29
8 11
1 32
12 16
8 36
24 36
7 36
24 27
19 36
39 48
2 28
26 2
23 45
5 28
34 74
15 18
28 9
20 21
20 16
27 9
24 13
20 14
11 19
22 14
20 11
21 15
10 24
6 26
9 19
17 22
19 17
20 17
23 10
19 12
12 22
23 15
23 7
21 13
17 11
11 22
24 14
16 22
20 13
6 20
18 9
17 10
10 23
29 8
25 10
5 22
17 15
21 7
32 12
3 17
25 29
23 19
11 10
24 30
1 15
8 12
3 1
6 34
19 7
12 14
31 4
32 25
26 2
3 27
17 16
29 8
11 4
1 16
22 34
7 9
28 7
28 21
21 19
5 18
31 10
26 33
11 31
23 9
26 34
3 16
32 13
5 34
13 12
29 13
20 12
32 20
28 9
29 20
31 24
23 7
27 15
6 26
25 8
23 28
25 13
29 12
25 12
21 9
5 26
31 30
28 19
24 4
22 2
13 8
1 27
26 18
6 5
33 22
20 8
3 15
30 4
25 14
18 22
33 18
10 24
34 2
18 2
1 17
5 2
32 66
21 4
28 7
21 17
6 18
14 18
27 7
21 5
17 18
21 20
9 27
30 7
19 6
4 17
16 23
9 24
21 21
22 6
32 12
18 9
12 27
13 25
4 22
14 17
10 22
31 9
4 21
3 21
5 20
18 5
12 25
27 8
15 17
11 2
24 15
18 25
16 23
32 5
3 9
14 8
16 8
26 22
23 5
21 24
26 28
32 23
32 8
6 31
15 30
1 17
16 32
23 14
27 13
14 5
19 29
21 10
17 29
18 11
9 8
14 3
4 26
27 4
4 28
19 7
18 2
2 25
14 9
11 25
21 30
20 15
17 12
3 8
31 25
23 8
10 20
17 19
10 15
1 12
26 13
2 31
32 3
1 7
18 6
27 26
1 19
6 25
13 28
8 5
7 12
9 5
16 14
21 20
24 30
23 9
6 2
22 28
17 7
3 5
10 30
40 99
25 17
17 8
27 4
12 5
27 2
28 7
20 24
19 27
17 25
13 24
31 2
25 18
14 3
12 27
19 14
18 25
15 7
24 14
8 22
28 6
14 31
16 2
16 3
15 29
25 16
15 25
25 3
21 31
23 15
24 13
17 2
16 6
26 4
9 30
24 18
16 31
25 2
13 25
13 28
9 29
13 32
1 29
25 18
33 11
38 10
3 6
23 2
13 31
24 34
38 34
26 21
39 19
37 20
32 2
12 18
11 5
25 15
28 9
7 21
10 24
3 11
16 36
1 15
14 24
18 35
14 40
22 4
10 40
22 2
25 1
37 5
15 18
12 1
37 3
16 7
39 14
33 3
14 10
16 21
34 19
14 34
6 5
25 35
36 7
28 7
8 21
22 23
31 4
27 6
1 35
28 36
31 23
31 2
13 4
33 37
13 23
15 35
17 4
28 26
13 22
38 19
30 12
35 29
10 34
12 15
16 8
17 32
24 40
27 3
15 29
33 27
14 19
12 35
33 5
36 26
30 29
4 2
18 29
39 40
39 34
3 5
13 2
8 28
36 21
31 32
33 20
3 20
33 6
22 17
6 20
12 29
17 31
9 36
20 5
23 4
7 26
37 6
32 23
16 9
34 73
34 6
32 8
32 10
7 7
29 6
1 29
31 8
7 29
0 28
18 19
2 29
6 2
31 4
11 8
3 24
12 2
20 18
0 25
21 23
7 5
17 18
29 8
31 11
6 1
1 25
12 6
29 10
30 11
30 7
19 19
9 8
32 9
20 23
5 31
4 16
18 34
7 3
8 25
23 28
29 1
15 25
27 32
12 26
34 15
8 34
16 12
13 29
3 27
9 34
4 26
10 33
33 17
6 11
9 18
30 19
30 10
4 14
24 12
27 28
9 25
8 15
7 28
5 1
31 14
23 32
13 5
3 32
4 31
16 24
30 21
17 19
30 33
34 11
20 31
29 5
9 11
16 26
2 5
7 27
26 20
3 28
8 11
13 22
21 10
6 25
21 33
26 31
16 20
10 19
6 15
16 14
4 12
13 2
24 20
2 1
25 11
23 27
8 9
22 1
4 20
28 32
21 19
22 29
34 25
33 19
22 5
21 17
46 54
14 27
29 19
15 24
30 24
33 21
20 30
16 25
21 24
31 17
18 28
29 20
13 23
19 28
12 24
20 22
19 21
31 24
27 21
19 20
32 23
37 17
25 29
13 27
14 25
24 20
18 22
16 30
34 22
34 17
16 31
28 21
13 28
17 30
18 20
22 24
33 26
18 26
31 23
33 18
37 16
34 18
25 24
15 26
21 22
27 22
28 24
38 18
37 14
17 4
32 37
15 23
23 12
10 37
45 20
46 36
31 18
15 33
34 8
40 5
43 12
24 14
22 20
40 41
11 9
2 41
1 3
8 25
31 4
10 13
7 12
35 42
33 7
32 27
6 23
6 43
4 20
46 20
26 12
17 36
29 21
6 1
5 21
29 39
24 30
1 43
26 43
38 4
28 40
19 44
16 25
19 16
46 31
39 41
3 33
38 17
45 4
33 26
23 26
1 33
18 36
48 62
11 19
26 29
31 24
32 27
9 13
6 17
32 28
2 29
8 24
7 30
35 10
32 10
10 13
5 29
33 8
1 31
3 30
28 26
25 27
7 26
28 14
8 19
32 9
16 17
27 9
7 22
30 25
31 9
8 23
13 17
10 24
11 13
28 5
26 28
25 25
12 24
10 19
10 18
11 17
0 24
1 22
14 16
32 8
9 24
25 26
10 16
31 14
16 22
6 31
47 25
1 48
46 5
4 45
28 23
30 24
44 9
24 5
2 19
35 34
16 8
8 14
26 22
17 41
11 43
29 31
23 12
3 4
37 5
33 15
22 31
36 38
20 8
4 27
43 25
6 36
30 5
1 13
13 5
27 2
32 24
29 36
3 27
4 7
48 5
18 19
9 14
34 3
11 33
10 14
43 33
28 21
7 27
45 2
7 19
3 45
11 25
39 22
34 27
30 13
33 47
13 24
40 16
29 26
30 37
46 42
3 19
32 13
26 6
20 40
21 23
48 50
16 11
17 16
15 4
16 19
15 30
20 13
6 30
9 28
13 35
21 31
16 25
10 34
12 33
22 14
16 14
10 35
19 4
13 37
17 25
15 18
21 33
11 31
14 32
17 13
24 34
5 30
17 4
11 34
21 30
6 31
16 30
16 9
8 36
17 14
10 31
11 35
22 30
9 32
14 37
5 31
22 31
21 29
14 10
23 9
8 30
14 9
23 4
16 13
14 20
17 47
48 1
39 18
43 3
26 8
19 11
13 28
33 26
28 36
13 18
40 26
27 32
2 34
11 25
29 31
20 15
29 10
31 25
4 15
40 7
43 17
47 1
44 48
9 7
5 23
6 14
46 47
44 32
42 41
36 16
23 35
17 44
17 27
17 1
38 33
45 22
3 27
17 32
11 21
21 37
4 2
1 27
29 25
24 34
5 12
25 10
5 13
40 8
8 30
50 71
22 16
31 9
31 27
37 28
31 29
10 23
8 25
13 27
30 10
7 29
8 19
26 11
32 31
25 12
7 15
32 23
35 33
33 24
10 14
34 30
27 27
9 18
29 8
5 28
9 14
24 13
7 24
30 17
29 24
38 25
14 27
8 21
2 19
31 26
13 24
26 25
37 26
3 18
3 15
29 23
6 21
28 32
28 31
30 28
27 16
23 13
38 26
5 22
28 24
2 22
43 42
13 18
23 46
26 28
21 40
26 45
3 21
41 35
4 37
31 10
9 23
15 19
21 13
28 23
5 20
8 35
48 41
7 24
5 37
3 13
37 44
33 39
24 41
26 2
36 18
34 44
14 12
27 41
16 42
7 8
5 44
22 38
17 30
14 26
21 18
39 50
7 41
36 43
37 34
45 46
20 37
13 42
2 23
38 50
48 35
14 1
9 45
25 6
7 31
18 16
1 9
12 46
49 40
14 9
43 18
7 32
41 8
44 30
4 29
33 11
32 24
47 17
38 6
49 13
27 7
3 43
12 9
19 6
36 13
9 28
4 47
50 94
19 25
11 16
27 28
14 17
29 19
31 21
9 16
11 30
22 25
7 35
27 26
8 20
11 23
26 30
30 29
6 33
7 31
25 20
29 26
31 28
26 20
30 30
31 25
9 19
26 25
14 27
8 16
6 34
14 21
9 21
23 31
23 25
17 34
1 31
14 25
9 20
30 24
2 32
0 31
31 20
11 18
27 21
11 26
3 35
13 24
8 17
23 26
8 21
15 24
16 22
48 4
28 17
36 46
15 31
18 42
40 42
6 42
16 28
25 42
49 35
18 6
17 10
11 14
14 47
7 46
15 32
19 42
6 19
40 5
5 42
5 6
32 14
37 31
15 14
26 1
45 43
16 34
9 14
27 46
16 39
2 24
49 12
48 24
14 22
3 18
41 45
39 34
15 37
13 35
24 27
29 41
2 4
4 27
7 2
9 47
20 15
30 26
17 34
34 10
5 21
3 23
50 30
34 38
12 41
25 3
18 23
21 6
11 31
32 9
26 8
28 44
31 9
20 11
37 9
5 25
21 25
40 6
13 45
49 41
11 15
50 35
50 43
7 48
11 32
44 34
32 22
44 10
38 10
30 13
20 37
47 22
49 45
16 44
49 43
23 6
24 4
31 14
23 19
27 36
32 37
26 33
25 18
49 29
30 43
52 98
22 7
5 20
9 16
14 10
11 26
9 33
20 11
17 21
27 14
7 30
9 22
4 29
16 6
27 10
9 25
15 8
14 7
29 11
23 3
15 23
8 16
27 11
4 30
28 16
9 24
10 24
16 4
20 5
15 19
6 23
26 11
31 12
7 25
5 16
14 18
10 25
11 23
9 29
14 6
14 31
6 22
7 24
31 18
6 30
11 19
29 13
8 24
4 24
34 9
6 36
10 31
12 40
16 27
31 9
45 26
13 28
6 52
13 7
34 33
42 36
2 25
18 32
36 44
39 16
29 5
8 11
25 33
37 20
26 35
5 35
13 27
41 25
24 49
24 32
37 11
10 51
19 17
32 43
23 38
47 5
41 30
14 18
31 22
36 10
3 41
16 1
15 48
4 7
14 43
37 35
48 3
27 19
47 11
28 1
39 17
27 28
6 40
23 51
29 37
7 19
2 33
15 25
21 30
42 51
18 43
37 5
12 44
49 32
20 8
6 50
34 41
34 2
20 45
8 26
33 30
24 46
49 18
10 12
41 2
38 44
24 43
29 8
39 13
48 2
36 38
23 6
31 24
45 35
47 35
42 12
51 38
21 3
46 9
7 16
42 38
24 14
4 17
22 14
21 41
9 43
37 47
39 7
29 20
48 30
51 44
35 11
39 19
49 43
29 47
15 21
34 72
7 28
11 27
15 10
24 15
7 30
24 6
11 29
23 1
22 6
24 2
22 12
23 5
4 26
7 29
24 11
18 5
24 5
17 5
23 14
26 1
29 17
26 15
27 6
15 8
22 4
21 7
29 12
21 6
17 8
7 27
15 11
23 7
24 14
11 28
4 19
21 15
26 6
21 19
27 33
1 14
24 3
34 5
10 8
23 12
2 34
14 5
18 16
33 19
27 15
2 14
30 34
21 27
25 9
3 16
30 7
20 12
20 8
11 4
1 34
21 11
3 18
33 11
32 26
18 31
16 31
23 10
3 29
17 20
34 14
5 7
14 13
33 22
23 20
14 7
2 1
27 4
9 32
28 32
17 12
22 11
27 22
29 31
3 31
21 22
1 13
28 26
9 28
23 17
27 11
13 5
1 7
30 2
27 19
15 11
34 13
29 16
12 10
29 18
32 6
21 33
17 10
15 33
15 19
21 4
12 8
9 6
34 77
11 22
1 25
1 22
20 10
7 1
11 21
4 21
13 20
22 15
8 3
22 9
6 21
14 19
8 19
15 24
4 6
8 4
14 22
25 12
3 22
7 22
6 3
15 20
20 9
4 20
21 8
21 11
5 22
8 20
22 11
5 18
4 5
2 23
17 23
19 11
9 24
27 11
30 19
22 32
17 5
18 6
32 16
17 16
7 3
12 28
20 33
7 25
13 15
2 3
30 9
27 26
9 19
19 4
19 24
3 33
1 15
27 4
31 28
22 17
27 19
1 34
28 29
8 23
15 6
30 4
20 3
32 5
23 6
31 29
2 20
9 26
14 31
7 2
21 29
16 5
23 18
25 20
27 9
24 4
21 12
13 34
23 34
4 11
14 29
30 27
9 4
26 4
12 31
23 15
21 14
24 11
1 23
13 6
13 23
34 15
1 6
34 18
30 24
12 29
7 20
26 11
8 18
30 11
21 31
8 1
21 28
32 17
10 32
22 10
15 18
26 24
32 65
22 15
11 14
18 28
12 16
26 33
19 16
30 26
12 23
8 18
19 14
10 15
12 25
11 20
24 19
10 24
29 32
21 15
24 14
14 31
28 29
26 27
26 32
10 17
28 25
12 24
16 28
15 26
17 28
16 31
13 23
10 16
30 28
11 2
7 24
30 8
15 25
13 12
28 19
13 30
22 5
18 10
21 22
5 16
14 17
24 32
4 11
24 22
15 8
27 26
24 16
21 32
25 13
24 5
20 32
20 16
27 3
29 3
26 19
18 17
19 3
29 19
14 6
12 30
9 31
7 20
10 1
4 2
7 21
1 17
10 14
11 9
14 1
18 6
25 12
2 31
28 29
11 31
22 16
6 17
7 32
27 29
22 32
15 30
23 4
9 2
18 14
1 6
7 5
7 16
32 16
28 3
27 19
21 20
23 9
21 16
18 1
5 20
34 75
9 21
1 18
15 15
14 15
29 17
17 15
2 20
10 19
13 25
27 6
11 22
18 19
32 15
3 21
3 18
19 17
27 20
9 20
14 24
20 15
30 12
11 26
28 18
26 9
4 18
31 12
13 14
29 20
26 11
30 18
10 20
4 21
16 20
31 11
29 10
15 14
25 7
18 22
9 8
13 23
27 20
22 19
11 8
31 19
16 12
4 3
8 31
11 31
27 3
18 1
20 33
15 32
21 10
30 23
5 17
21 24
24 10
29 24
14 2
18 9
34 26
2 7
5 23
18 19
1 19
32 25
11 18
17 28
9 1
13 30
16 20
13 28
11 19
23 17
12 4
27 33
11 9
12 33
29 21
11 22
15 7
16 6
6 33
34 29
34 24
1 8
32 7
3 33
4 33
23 28
29 26
34 10
6 3
30 28
32 14
6 12
8 19
18 8
6 27
12 3
9 31
27 4
26 10
25 14
30 17
16 3
30 5
14 7
16 4
46 63
26 25
15 35
15 18
9 16
17 30
28 18
23 24
9 21
15 31
32 17
7 16
17 33
9 17
15 21
11 33
20 27
17 32
15 15
30 20
22 26
2 8
1 5
7 2
29 18
5 9
33 20
28 16
8 33
31 24
8 28
3 3
17 34
15 20
3 7
18 31
6 3
11 17
23 28
21 30
22 30
32 19
33 24
1 3
12 14
17 31
11 35
17 15
45 30
25 23
30 46
17 28
30 12
39 38
31 22
32 2
24 6
41 27
21 36
19 26
12 2
39 7
45 2
42 10
23 36
22 36
43 21
37 18
19 24
37 14
43 22
27 24
3 4
38 16
32 46
11 4
5 20
18 3
41 1
20 7
13 8
19 41
26 10
10 6
38 35
20 39
19 1
1 6
26 1
29 41
18 4
45 28
29 42
32 30
39 35
15 12
8 18
24 26
9 2
45 17
31 21
28 32
7 40
15 9
33 44
44 14
11 14
34 31
35 16
19 6
46 47
7 36
8 18
28 18
11 6
13 1
8 8
28 15
8 20
8 29
3 12
5 9
3 30
6 22
1 36
24 22
4 16
9 15
6 21
4 8
12 6
25 22
16 1
6 13
14 9
7 14
2 17
26 22
4 30
7 11
12 5
3 29
12 4
1 31
15 7
9 14
4 31
26 17
26 18
6 10
26 21
1 17
18 6
18 10
28 20
28 16
6 8
22 5
26 16
19 35
2 16
2 17
33 31
45 3
24 32
38 21
29 25
27 40
34 43
38 15
42 32
37 44
42 24
32 34
18 13
9 12
11 39
28 14
46 25
23 10
41 18
41 16
17 8
20 30
38 44
22 34
32 4
5 42
35 46
44 40
43 4
30 32
2 26
22 24
6 25
20 43
46 29
12 33
30 43
27 3
37 21
1 28
36 1
7 27
50 71
8 21
12 0
13 6
36 24
12 13
9 3
4 20
33 26
3 21
16 7
19 0
9 18
10 12
6 18
31 26
19 3
12 7
8 8
7 7
14 11
36 17
36 19
8 6
2 12
2 20
9 21
29 25
38 26
12 1
15 4
11 10
15 1
30 18
2 13
6 10
38 19
9 8
35 18
13 1
5 3
5 6
6 15
10 5
11 11
10 7
17 9
7 17
11 1
12 2
9 1
20 44
16 10
27 15
35 47
29 11
11 46
14 34
33 22
2 46
27 4
30 32
14 1
23 6
17 40
30 29
6 50
42 1
42 25
32 49
42 34
41 43
46 49
16 29
17 43
3 37
47 19
3 23
43 37
45 31
17 3
18 19
38 21
1 9
36 21
7 25
30 10
3 50
8 36
4 36
12 1
19 13
34 26
12 42
23 37
17 50
29 49
8 21
24 34
10 48
12 14
12 26
38 22
21 15
9 24
38 33
28 38
3 40
49 10
40 39
9 34
16 2
8 27
5 13
45 13
8 15
44 35
11 48
33 15
37 6
22 21
30 16
48 66
8 4
11 22
22 13
24 22
10 24
10 12
9 6
9 5
18 20
12 22
6 24
8 30
19 11
19 8
23 26
7 18
11 4
11 24
14 14
23 21
11 20
8 22
6 10
13 15
22 25
26 25
5 26
23 22
27 18
12 23
4 27
19 16
8 6
3 13
11 6
7 29
9 23
8 20
16 10
11 9
18 25
20 11
13 16
20 14
12 30
19 26
8 24
13 17
32 19
31 27
32 43
29 25
17 23
8 23
14 42
9 15
20 4
8 17
19 14
37 30
38 37
13 24
42 44
6 40
43 14
18 45
25 15
12 36
25 4
33 40
48 5
28 9
11 31
33 6
28 46
46 15
23 40
35 7
26 25
24 44
14 13
27 45
14 3
13 42
28 25
11 12
32 3
43 13
46 4
29 4
11 2
4 15
39 3
47 2
41 25
22 27
38 30
12 47
16 10
5 30
21 30
8 33
36 45
34 1
33 34
19 24
18 31
20 26
24 3
20 29
18 36
36 22
24 42
9 29
52 100
35 24
24 10
27 15
11 4
8 7
22 1
37 24
8 10
26 29
26 4
8 6
31 26
29 23
19 6
31 28
27 12
7 3
10 5
27 21
34 30
30 29
11 10
25 10
32 17
27 9
5 3
18 5
34 29
32 31
31 20
26 9
27 30
32 13
39 15
35 27
26 3
32 23
35 31
34 17
2 6
34 31
28 17
36 30
27 10
19 5
25 14
29 14
18 2
31 29
28 25
27 5
2 8
47 44
45 36
20 43
17 40
44 33
18 52
24 46
47 39
8 4
51 14
52 5
18 40
22 5
20 41
38 41
47 33
13 28
43 35
16 47
20 29
51 36
16 3
21 41
27 10
15 28
16 33
23 42
9 12
25 44
13 12
15 13
2 51
28 49
32 37
35 29
51 31
46 16
27 36
18 4
15 32
10 31
46 33
24 47
27 6
6 36
25 42
52 11
46 3
24 42
43 29
24 3
26 4
13 49
43 1
33 3
25 23
46 44
9 32
39 30
17 4
18 22
11 4
45 2
48 31
37 12
48 6
26 52
39 34
20 1
46 25
9 15
13 19
39 7
14 6
17 52
41 1
52 22
2 48
45 10
50 9
44 42
37 28
19 37
15 49
43 38
32 19
18 8
15 12
35 38
18 5
38 21
17 18
46 23
42 33
23 3
8 40
12 28
24 44
50 13
11 5
50 96
13 12
25 10
20 32
16 12
30 28
22 34
20 11
23 3
21 26
28 37
19 7
35 25
27 8
20 26
12 17
26 27
20 31
30 29
31 29
34 31
16 17
18 6
22 29
18 2
25 6
15 14
15 11
22 31
28 31
35 29
23 31
26 29
27 32
15 32
24 32
20 5
17 33
21 33
16 15
17 32
25 30
9 14
22 32
32 24
24 31
36 25
32 25
24 27
34 22
23 4
5 47
34 48
48 37
27 4
45 37
25 36
15 27
23 16
29 12
14 37
31 32
13 36
35 9
22 7
36 7
41 10
46 29
39 42
45 34
38 17
50 2
8 7
20 44
4 1
36 8
47 12
14 34
26 27
12 30
20 30
3 37
15 4
14 41
38 16
29 19
15 26
35 37
25 13
48 9
11 36
36 2
15 1
47 19
5 19
45 48
25 22
5 12
40 37
16 33
20 12
42 4
43 35
9 37
11 2
43 14
29 20
26 1
24 8
19 49
21 1
45 35
20 19
34 37
41 6
45 40
19 30
29 30
23 32
43 3
11 22
7 50
24 11
42 26
25 2
46 44
46 12
32 17
24 50
31 28
45 3
23 38
5 30
22 2
45 9
43 9
14 9
7 2
40 14
25 50
42 1
17 33
25 7
28 32
23 28
3 48
41 18
36 91
3 34
11 18
8 18
10 3
10 33
10 31
3 33
11 25
28 22
28 25
10 20
5 34
10 21
4 32
8 2
9 30
32 27
10 23
6 3
14 25
32 28
30 28
14 21
9 6
31 28
11 5
10 22
26 27
12 24
14 19
6 5
8 19
26 26
10 32
14 20
13 21
12 1
15 4
26 4
33 28
36 29
2 11
24 15
9 22
26 15
26 24
26 31
2 18
23 20
30 35
13 20
14 6
35 27
5 1
36 35
17 21
34 16
13 27
34 7
31 19
21 10
30 29
29 27
11 32
16 12
34 5
12 6
19 4
22 28
22 10
33 21
16 6
34 12
14 1
29 13
25 33
18 32
17 33
25 17
35 23
26 19
17 9
31 15
30 27
31 24
9 28
3 8
5 14
1 6
27 20
28 10
17 10
24 19
34 14
22 33
16 5
3 11
36 27
34 6
27 23
7 12
25 22
36 30
9 10
16 7
25 21
8 2
30 13
5 12
15 19
7 6
9 21
21 28
34 1
9 33
36 23
3 32
25 10
33 10
5 7
8 18
16 1
3 18
25 9
35 13
14 12
29 35
34 75
29 7
20 16
7 24
17 11
35 6
16 11
8 11
4 24
8 15
35 3
13 6
9 14
35 2
4 23
23 15
8 24
21 20
11 14
15 5
3 21
19 17
7 23
20 18
35 5
13 12
36 5
16 12
20 15
30 0
12 8
13 11
16 13
9 15
30 6
34 5
2 15
12 7
34 1
22 14
13 10
10 1
34 24
6 30
8 3
2 21
17 21
1 5
27 31
23 15
4 19
33 18
26 34
11 32
5 24
22 8
11 19
3 20
27 11
9 7
2 23
25 7
18 7
9 12
31 6
12 25
32 30
26 1
9 25
14 20
33 9
18 9
16 3
2 17
4 30
31 32
29 13
33 7
10 26
14 8
26 5
4 32
16 14
15 21
28 17
27 30
33 12
10 34
16 20
15 28
13 1
19 32
27 32
11 4
4 6
11 30
14 3
28 21
29 5
29 24
8 20
22 16
23 21
11 31
15 17
29 10
29 26
10 24
31 30
18 12
32 71
10 27
6 29
12 13
18 12
15 11
20 13
14 16
22 9
27 8
17 13
15 8
28 6
14 9
6 26
13 14
6 27
6 30
22 10
29 4
15 14
17 9
25 9
5 27
16 15
17 10
15 12
19 7
12 10
24 7
16 14
18 13
27 5
21 25
10 8
22 12
28 13
22 29
20 15
27 10
1 16
27 8
2 1
10 18
12 32
8 4
6 18
25 28
31 30
7 30
2 16
21 13
3 25
28 5
19 12
19 29
18 26
9 32
27 26
3 21
11 8
24 30
27 18
20 24
21 5
2 17
8 18
6 27
19 32
6 8
5 13
11 10
15 24
7 20
14 23
7 24
31 15
9 12
22 32
11 18
10 26
22 9
18 4
11 4
9 29
6 26
7 15
16 14
22 19
17 1
6 4
31 24
7 31
4 26
16 23
3 13
10 4
8 26
27 11
21 28
2 23
25 13
25 5
17 23
32 68
4 16
21 25
23 24
29 10
6 15
28 5
6 16
28 10
31 4
29 18
30 16
31 3
35 4
1 17
19 27
23 25
12 29
30 5
29 16
29 15
20 27
11 32
34 10
15 33
13 29
25 18
6 13
11 31
20 26
4 15
12 28
28 18
18 4
9 13
27 14
30 1
11 26
13 23
16 15
10 11
9 23
10 32
21 2
19 20
25 17
15 3
20 32
25 31
29 21
25 22
27 1
29 2
18 12
30 14
11 32
31 17
13 12
1 5
4 12
28 25
29 15
28 17
7 14
4 6
23 6
23 12
16 2
8 6
3 21
8 13
16 29
7 1
19 26
19 32
20 11
15 21
30 27
31 22
30 7
9 8
23 4
13 6
24 28
30 5
3 2
13 18
16 3
12 6
17 22
26 32
9 18
9 12
24 25
29 3
8 12
28 31
14 5
24 17
18 23
8 4
44 62
15 7
14 8
30 23
17 14
7 15
15 6
12 13
20 15
29 22
6 12
13 5
8 18
15 14
12 22
31 21
21 16
17 13
8 14
10 14
32 22
11 6
16 18
14 18
13 23
34 17
15 8
19 17
15 16
13 14
19 12
13 21
15 15
35 18
11 14
14 5
8 12
10 20
8 8
35 17
16 8
15 11
14 19
17 6
29 20
8 32
37 31
36 34
20 9
5 12
39 15
7 40
18 35
30 32
38 35
28 4
6 40
23 24
8 4
1 40
1 26
38 34
7 43
23 12
19 18
1 17
5 37
14 24
44 9
27 16
24 31
29 12
17 6
39 9
26 17
15 9
19 11
19 34
5 42
21 18
33 3
5 29
19 10
5 23
39 33
35 11
39 44
31 29
41 21
38 19
42 12
36 10
39 25
37 29
44 15
2 6
27 8
2 17
25 20
37 13
16 22
32 4
29 42
10 18
30 4
32 28
14 29
48 59
24 12
32 14
29 21
28 16
34 25
29 22
26 17
34 19
23 14
28 15
34 13
26 15
27 13
24 15
35 21
29 25
32 23
18 28
35 16
29 14
28 11
37 24
36 28
31 19
30 22
30 15
16 31
21 28
33 16
32 25
28 17
35 15
33 23
30 24
31 23
32 12
32 22
17 25
31 11
23 28
35 13
34 20
18 26
18 29
31 22
22 26
27 22
28 20
8 42
31 14
41 7
1 12
6 25
17 16
43 28
12 31
11 41
5 37
17 22
16 30
32 2
18 27
18 44
1 31
34 35
12 9
3 48
46 44
38 43
14 13
3 15
12 20
26 21
24 39
42 48
1 9
25 34
20 14
32 26
11 2
36 21
35 30
2 19
28 40
29 8
11 21
10 36
31 13
31 9
29 42
7 32
38 44
4 24
32 21
23 34
1 13
7 10
19 36
29 47
45 34
45 16
20 9
45 30
12 13
4 1
47 33
11 36
48 72
27 10
32 19
14 28
10 23
12 27
7 23
17 29
14 22
13 29
15 25
18 23
31 14
25 15
12 25
27 13
11 19
24 15
28 14
10 17
30 14
26 21
24 14
24 16
28 21
10 16
13 30
17 26
25 13
18 32
30 17
13 25
18 33
27 17
6 18
13 19
34 14
6 22
33 13
12 24
16 23
14 31
32 14
6 24
32 18
12 15
28 15
17 27
14 27
14 31
37 45
35 39
44 1
4 7
33 18
46 15
2 1
23 17
21 33
48 8
1 17
26 29
12 46
16 6
28 18
7 47
25 19
2 13
10 4
42 15
31 9
42 24
31 29
17 22
11 41
6 35
44 30
34 16
19 39
10 47
38 20
14 32
24 33
23 44
20 1
26 41
9 3
14 29
6 43
35 45
48 5
29 40
31 3
48 27
11 3
43 39
28 12
42 28
26 32
38 1
39 45
29 32
27 5
38 30
32 40
24 46
15 18
43 45
44 17
14 11
13 20
14 26
8 7
46 18
4 47
23 1
1 22
6 39
21 12
24 36
34 6
48 62
2 19
6 14
8 27
6 20
26 14
9 22
8 13
6 19
6 16
10 25
3 19
7 14
5 34
4 10
12 13
25 19
12 20
17 21
23 20
9 25
12 11
9 15
9 32
9 23
16 21
3 30
15 25
22 22
13 19
13 15
7 29
15 24
21 17
9 8
14 20
23 14
7 27
2 28
15 26
23 17
14 22
20 22
7 28
3 29
5 30
1 25
19 14
9 24
6 32
45 43
18 16
30 7
47 40
5 40
16 28
23 13
29 6
37 45
39 25
21 30
18 28
42 19
13 43
42 40
38 1
46 20
28 42
4 11
45 44
16 42
25 29
26 44
27 10
27 39
4 20
8 20
48 11
21 15
35 39
33 47
38 8
30 9
41 32
1 20
8 48
4 38
29 32
28 33
44 43
15 22
48 24
34 14
46 11
41 29
34 21
35 6
31 8
12 7
46 24
20 11
4 31
37 23
41 6
17 10
35 27
3 26
13 3
36 28
31 38
2 9
50 90
19 32
25 36
22 32
22 33
17 27
31 22
14 33
34 25
32 24
24 24
29 33
33 19
29 16
14 28
28 36
24 32
28 17
24 22
32 34
19 28
22 34
27 21
22 36
37 25
31 15
16 31
15 31
14 32
15 28
18 29
19 29
36 24
30 19
31 21
23 35
29 34
28 34
18 28
27 35
27 28
32 19
24 39
30 43
20 34
29 26
26 15
32 25
27 36
18 27
14 27
28 14
11 40
39 36
12 8
18 22
34 6
30 38
29 7
28 27
28 5
17 25
18 46
1 31
28 26
13 46
24 12
50 5
20 16
34 41
44 23
33 10
38 1
35 37
6 45
30 1
40 2
44 49
9 8
23 31
9 34
47 12
21 2
48 19
11 21
24 41
7 26
34 45
39 37
38 44
35 15
28 7
14 29
32 6
14 50
14 27
22 10
21 40
39 4
8 45
3 31
6 41
9 24
2 37
9 47
41 45
25 13
40 15
24 8
16 31
22 33
8 32
49 1
36 37
47 45
35 2
34 32
12 34
24 45
18 10
44 3
22 46
48 42
38 23
27 50
3 48
15 37
4 37
48 43
38 31
4 40
8 34
25 33
14 5
30 23
4 11
36 15
5 26
16 49
29 26
17 22
52 88
15 33
15 34
16 8
11 8
40 15
15 9
17 28
10 4
14 30
28 20
24 14
14 9
15 36
25 11
13 30
29 19
19 31
30 20
13 7
30 19
17 35
9 6
8 29
16 36
35 17
29 18
18 6
27 14
31 11
33 12
10 35
24 9
18 32
13 29
32 20
30 14
29 7
14 31
10 5
16 10
28 23
32 21
14 32
34 19
36 21
38 24
18 25
8 30
28 7
30 11
32 10
13 35
49 50
14 30
8 39
35 16
20 16
25 5
2 31
44 10
9 1
20 44
33 43
34 23
7 17
2 48
7 33
3 39
31 52
35 20
23 52
11 50
22 12
49 30
19 6
7 43
17 33
13 21
41 18
47 9
48 21
23 31
11 30
20 41
7 47
11 32
26 35
6 4
50 51
26 16
34 21
38 1
50 29
37 49
28 11
17 38
15 13
15 21
52 21
15 48
26 44
34 13
40 39
41 16
11 49
24 48
29 30
28 37
47 43
30 51
36 20
27 3
6 3
36 10
47 38
16 45
27 39
33 38
27 40
28 14
17 43
25 42
24 2
22 3
44 41
49 51
18 16
6 12
8 19
36 25
14 49
4 12
35 18
23 48
12 40
4 40
34 24
4 27
25 46
43 1
34 80
20 16
16 19
13 7
1 28
21 18
19 17
18 29
3 28
19 19
16 20
18 19
14 18
2 25
12 3
1 27
17 16
21 28
1 29
17 18
18 25
20 13
15 18
19 23
12 4
23 22
19 13
19 24
18 14
12 2
11 3
5 29
21 29
15 6
18 30
30 3
15 8
21 6
30 24
20 23
19 5
25 34
34 23
19 10
29 14
32 20
26 1
19 21
18 4
17 34
20 25
9 5
9 10
33 29
17 23
19 9
7 23
20 7
3 24
26 5
25 23
21 5
11 12
27 23
22 28
18 31
19 6
9 6
27 25
7 17
9 21
27 34
13 31
14 24
22 2
33 3
9 1
21 1
16 11
19 26
6 1
7 34
6 5
12 2
11 28
16 2
27 7
16 28
33 24
10 6
27 17
25 17
32 27
5 1
28 2
4 13
8 18
27 20
18 13
15 13
16 12
28 12
32 17
10 5
22 12
7 25
32 34
11 2
3 29
26 21
33 30
26 6
8 13
32 7
8 31
34 70
11 14
12 18
10 9
10 10
27 22
14 29
12 12
14 33
33 24
11 29
14 16
10 14
15 20
34 23
16 20
12 17
16 19
14 15
8 13
30 27
33 22
17 18
8 12
29 20
15 29
15 21
11 16
17 22
8 15
10 13
12 29
27 27
12 32
30 26
34 21
33 31
3 23
23 19
18 1
20 9
14 9
6 31
25 6
2 11
29 12
15 13
1 16
29 30
17 13
16 2
16 27
1 27
8 31
24 34
23 7
22 26
18 11
4 30
7 12
9 21
3 29
7 19
19 12
8 10
23 30
32 21
4 3
26 17
15 26
23 12
34 32
4 19
32 14
24 32
5 21
28 17
33 25
19 29
32 9
34 9
15 28
7 29
2 27
15 22
33 6
24 20
34 5
27 11
20 32
14 21
34 14
26 13
19 30
20 34
28 26
10 31
18 27
8 25
7 30
14 5
24 5
32 5
30 12
20 21
30 58
12 22
17 26
14 23
11 20
13 24
6 21
12 28
10 23
17 23
11 25
11 21
6 24
23 26
10 24
9 20
10 22
24 22
11 27
25 22
23 27
13 27
10 25
15 24
22 24
8 24
14 27
10 21
25 26
11 22
15 26
21 18
13 20
24 19
2 5
23 18
29 22
23 21
12 15
26 5
26 9
11 29
28 17
24 20
26 7
16 27
26 1
16 11
12 6
12 8
25 15
27 29
4 8
19 17
14 29
21 10
23 10
5 9
4 25
28 13
10 18
11 22
3 30
24 13
3 18
1 7
2 7
1 5
16 29
2 9
14 22
30 18
26 2
4 15
30 21
14 11
7 5
27 11
3 23
3 10
6 8
6 4
30 23
19 20
19 28
17 20
24 28
28 20
8 25
32 71
4 29
5 30
22 26
18 27
19 29
5 32
17 35
5 34
4 20
22 36
25 15
28 14
23 29
24 32
23 27
24 10
24 36
28 11
21 30
24 14
1 19
4 22
3 17
5 21
4 30
7 33
22 29
23 32
3 18
29 10
24 29
22 33
21 22
25 1
1 2
10 31
13 31
6 25
15 19
17 14
32 7
7 13
6 26
4 3
6 2
1 26
30 20
23 22
29 22
18 20
5 19
28 3
28 19
32 10
27 7
27 13
31 14
18 12
25 26
16 20
26 2
25 8
17 13
12 30
15 3
13 14
25 2
9 21
19 3
29 23
24 21
5 28
7 31
4 15
8 26
4 19
12 11
32 17
10 13
27 14
23 21
27 17
10 14
24 9
5 15
5 4
12 16
12 20
32 13
11 30
8 1
18 30
23 24
29 9
9 22
5 3
32 27
6 1
29 24
11 20
32 31
7 10
10 17
