1
2348 2835
465 260
423 133
504 374
523 166
649 447
430 141
602 135
641 122
477 252
695 81
529 184
466 398
415 163
562 165
674 143
411 164
780 479
638 119
659 140
765 122
529 80
489 361
521 283
590 136
531 224
596 159
420 135
482 176
556 101
531 175
746 78
781 116
564 156
472 165
550 230
436 160
662 131
416 137
477 334
458 155
506 335
475 410
397 277
482 246
501 315
522 247
562 171
416 490
424 138
567 167
519 166
701 135
548 218
470 153
484 279
489 309
641 71
695 120
480 421
513 306
524 146
478 257
519 176
527 230
309 206
508 296
542 83
522 153
385 491
531 217
524 86
571 165
528 227
491 346
513 304
495 374
484 497
548 176
519 223
504 399
391 322
635 68
519 174
442 98
771 128
689 105
670 50
517 280
635 98
445 100
354 293
590 143
485 288
448 90
468 379
484 166
444 226
504 363
629 71
514 161
479 146
437 96
474 285
416 138
567 166
447 453
392 337
440 112
543 112
482 506
501 135
457 289
529 255
788 99
450 158
506 316
484 283
586 183
453 151
516 366
488 419
478 165
803 320
420 159
556 284
561 157
516 229
528 152
436 94
564 129
519 304
452 111
515 295
801 329
469 161
651 438
534 196
597 157
463 157
529 107
419 138
443 151
529 257
436 237
455 240
675 141
524 90
576 121
502 215
662 143
753 102
389 331
487 311
498 228
674 149
517 229
465 295
426 175
561 104
494 369
459 241
505 213
387 282
482 216
466 290
687 135
795 322
424 132
346 289
550 94
483 178
593 183
499 133
722 487
424 140
474 148
371 435
435 92
629 77
727 490
443 164
513 295
541 241
488 172
508 357
753 72
753 87
656 137
475 88
605 184
487 404
457 155
457 240
478 103
433 78
517 246
482 187
544 183
592 141
441 122
375 447
596 136
678 135
701 99
641 56
433 166
432 256
491 327
571 91
481 236
597 144
683 152
564 175
689 75
536 272
446 127
587 178
570 91
481 164
418 130
572 100
515 278
557 102
753 75
557 210
503 142
521 233
537 179
497 336
641 62
516 310
695 111
525 257
350 281
585 178
451 441
567 173
780 137
481 357
426 486
537 176
788 117
477 329
416 184
540 186
695 105
515 329
532 319
569 104
431 127
528 149
508 370
629 53
432 167
540 200
468 251
490 151
462 128
781 92
560 167
424 174
779 470
593 154
503 371
568 169
775 128
487 249
753 93
550 229
567 99
791 465
725 447
386 291
477 160
453 86
436 125
470 223
480 244
366 447
389 277
446 149
417 170
466 286
521 249
453 289
447 246
476 162
459 276
770 134
470 406
539 90
550 179
524 371
477 248
719 351
477 159
728 484
517 238
480 140
446 99
432 140
524 260
541 284
725 317
381 269
572 126
529 178
495 336
579 145
552 165
501 284
751 128
376 482
498 330
514 285
518 355
665 140
324 315
430 118
460 189
641 80
588 188
431 90
464 268
774 121
525 260
582 132
459 283
420 139
312 209
784 372
426 141
474 421
567 101
506 275
535 270
730 321
753 105
336 281
559 229
431 237
442 96
482 249
450 166
499 288
514 360
542 264
541 144
641 444
480 365
492 374
564 174
422 140
510 299
437 435
650 453
755 119
768 121
519 164
460 242
484 377
557 110
530 247
488 361
488 212
494 145
749 113
416 136
500 373
432 123
567 113
426 176
578 328
436 174
718 345
641 455
742 463
445 438
774 131
781 95
527 167
363 388
450 289
793 325
347 230
689 117
487 248
482 171
753 69
494 293
443 120
669 135
423 139
381 292
523 163
522 290
428 481
784 128
586 138
459 150
544 81
559 413
513 236
433 130
499 329
417 168
349 392
560 168
534 218
488 148
496 369
458 169
420 473
471 178
665 146
460 276
378 289
601 159
424 175
486 361
495 152
466 419
662 137
528 218
533 208
444 169
534 290
491 158
493 237
781 356
549 284
522 248
791 360
532 255
695 93
535 163
556 278
785 353
472 183
340 289
528 164
592 143
652 141
468 428
788 123
638 418
508 353
440 161
556 84
454 225
521 306
329 318
472 249
527 257
527 154
506 326
641 92
707 346
541 255
470 264
781 110
499 278
419 160
547 342
514 163
592 146
489 293
526 281
643 135
561 128
576 128
469 230
473 146
467 273
466 159
430 104
570 129
632 113
429 174
651 462
540 297
767 131
488 221
532 254
412 165
502 220
473 107
506 155
413 162
514 299
781 470
417 157
446 223
456 103
386 476
585 149
549 275
436 118
524 330
567 97
647 128
476 406
478 176
591 150
549 228
471 200
484 288
782 350
687 141
629 101
548 112
537 189
533 250
524 289
695 117
560 99
447 157
591 157
663 129
454 161
466 227
771 351
480 223
453 103
530 176
440 157
729 346
535 264
498 333
771 474
538 273
788 105
528 145
477 250
532 290
360 401
482 490
701 126
445 242
323 212
635 95
457 233
455 97
519 159
451 86
515 153
498 335
487 293
480 141
419 134
465 286
535 251
593 139
465 293
450 151
583 118
456 90
465 227
574 316
480 398
714 438
468 200
335 237
753 99
463 181
311 203
586 144
413 154
429 130
791 325
590 159
492 415
483 306
441 160
448 96
508 292
601 168
494 291
510 235
781 113
715 348
572 98
508 369
482 230
653 122
519 301
577 125
422 156
466 291
578 126
576 313
567 178
478 238
451 209
539 252
487 230
473 236
566 173
547 245
558 102
516 290
597 141
543 181
491 332
381 290
463 149
567 100
464 100
601 142
787 312
451 167
695 129
391 269
730 487
508 359
424 118
503 143
491 380
424 176
561 90
377 286
457 160
504 290
462 110
574 120
782 365
721 348
527 165
425 127
490 295
629 62
635 77
693 141
641 74
735 309
503 372
689 120
554 84
770 140
550 203
527 297
540 229
443 441
450 211
757 128
479 159
473 283
473 235
436 170
437 94
611 173
548 157
762 372
430 97
750 121
605 174
579 114
520 214
492 413
424 486
565 173
439 160
510 360
457 154
563 282
463 289
349 220
600 172
653 128
565 228
644 119
490 282
497 376
747 121
528 288
773 137
458 157
478 424
635 86
602 177
783 467
422 166
753 66
631 129
577 175
494 405
609 185
696 141
535 162
440 156
484 410
536 298
773 365
569 125
518 229
597 131
547 79
421 179
518 234
598 140
454 235
493 497
498 370
484 373
671 140
717 351
785 351
730 471
475 485
435 67
351 333
490 294
431 162
495 223
689 78
716 481
486 276
572 96
557 235
753 78
487 296
641 65
554 264
527 153
439 207
328 327
386 276
437 446
459 189
526 293
441 127
442 127
580 132
514 290
422 483
490 230
451 301
578 304
445 206
675 135
548 261
382 488
533 224
434 114
549 191
568 129
510 297
483 228
781 98
597 162
501 217
689 123
629 74
561 215
726 475
466 233
546 106
690 135
512 357
629 86
471 410
766 360
430 473
413 169
526 219
443 215
552 153
583 175
465 157
475 373
602 176
432 222
546 206
449 438
781 107
469 263
781 77
504 375
441 153
718 426
485 277
513 302
462 193
499 149
514 165
793 351
581 125
499 219
465 237
677 152
489 328
569 431
646 141
634 129
778 128
529 180
506 334
429 120
503 139
481 163
482 254
492 353
341 228
659 134
562 173
428 483
555 296
510 234
534 110
478 228
453 256
330 312
487 288
563 212
507 150
522 216
525 221
528 144
466 150
753 84
488 241
510 131
492 369
519 190
550 112
514 253
439 90
494 292
689 87
736 493
542 205
754 128
512 336
455 264
541 156
608 172
557 161
522 307
551 151
598 156
551 90
440 229
463 184
475 225
512 144
501 285
577 319
483 132
446 86
531 256
421 127
471 229
514 257
541 101
441 78
437 90
508 224
601 175
629 98
443 74
506 376
530 256
493 211
436 93
514 164
596 161
701 129
430 111
503 373
501 338
547 251
529 301
523 248
482 411
520 284
566 129
570 422
429 134
504 288
635 65
538 332
395 286
502 137
476 253
504 291
479 225
481 217
525 162
560 106
592 162
795 320
781 80
448 171
547 195
578 167
528 162
746 93
454 87
524 102
371 392
527 162
378 304
622 129
469 152
332 315
695 114
490 274
649 135
577 138
565 87
513 343
457 165
746 72
478 155
569 92
531 285
461 102
451 168
499 215
568 422
498 331
567 87
488 418
695 102
776 368
728 314
385 282
490 113
485 214
535 224
474 420
549 277
502 277
463 165
760 128
600 170
457 212
383 279
481 143
635 56
465 110
781 128
428 177
505 230
411 138
502 139
390 488
427 174
769 465
459 278
558 108
777 465
483 303
360 385
592 155
483 142
637 129
524 154
561 198
516 371
318 309
529 248
652 453
638 113
491 153
457 447
487 236
565 120
452 86
545 303
566 169
450 201
715 346
667 160
539 292
567 93
668 137
730 110
491 357
717 321
489 306
437 125
486 163
500 280
415 139
428 121
439 222
542 164
313 218
554 258
484 278
449 100
559 281
476 168
726 499
521 135
490 140
602 141
666 129
451 100
541 186
357 388
579 413
548 206
497 276
343 233
777 467
355 228
701 105
570 119
781 104
510 330
781 86
587 150
440 91
540 296
527 141
477 322
718 360
549 164
629 430
553 199
575 95
511 334
727 438
500 413
474 254
543 226
526 288
445 218
505 373
659 128
720 100
479 259
536 263
589 135
695 108
521 226
435 165
317 206
555 187
515 356
555 283
788 87
457 283
541 267
541 269
736 466
473 419
460 176
590 178
548 227
480 144
519 178
521 145
527 158
554 281
577 115
689 93
457 169
641 53
433 160
788 96
563 218
545 231
478 163
418 133
423 131
650 131
695 78
480 226
800 140
462 163
529 283
481 218
415 135
789 320
788 102
486 158
575 169
480 419
534 296
723 338
419 139
492 233
414 162
558 159
540 228
487 344
473 403
761 125
558 126
416 170
634 135
491 360
631 135
386 500
644 125
482 180
479 226
684 135
401 340
430 164
575 123
631 439
689 90
476 172
462 410
463 264
506 264
456 181
483 232
496 286
567 169
480 155
440 155
775 372
668 149
635 74
750 472
604 143
381 339
542 265
475 86
493 282
580 173
362 324
523 193
579 127
746 87
594 163
353 237
530 296
472 180
601 169
572 127
501 196
738 463
505 229
524 302
537 290
468 225
563 170
466 273
413 137
473 229
650 125
590 184
467 140
461 207
604 160
473 199
459 280
518 337
775 457
596 187
559 218
431 70
678 129
780 360
445 164
780 464
459 259
635 104
457 151
535 265
416 190
531 286
606 171
520 224
502 219
509 198
487 355
375 290
561 101
461 188
416 164
451 203
546 146
701 123
349 324
425 170
518 333
358 392
471 497
721 309
503 141
788 81
418 152
473 282
456 185
762 119
523 256
572 91
629 95
555 208
439 229
430 167
580 126
570 110
607 170
500 10
656 125
537 273
457 253
455 281
578 116
343 302
478 148
656 131
527 252
486 130
481 134
424 94
420 140
523 167
413 150
464 170
544 175
424 172
438 219
770 368
387 299
510 233
506 156
563 93
456 196
520 153
768 125
781 74
411 177
640 129
414 176
552 87
513 360
564 169
484 258
353 447
695 87
701 114
544 104
452 237
471 232
548 282
519 299
500 362
727 355
466 192
447 170
432 113
485 493
383 282
486 428
488 282
524 158
553 85
455 186
724 484
566 116
527 168
443 70
647 116
463 162
437 165
535 263
487 250
417 156
629 83
649 141
494 274
475 284
532 187
695 90
536 249
489 304
781 83
508 354
430 154
487 330
582 148
550 285
456 110
771 121
482 192
417 166
563 88
442 117
746 105
600 174
477 148
393 331
596 145
571 164
535 242
465 256
522 260
437 97
523 165
701 117
478 305
489 485
542 258
455 153
420 118
684 129
467 161
646 135
442 169
678 141
556 240
449 165
589 147
435 120
499 221
438 90
431 74
364 440
701 90
641 83
672 135
493 334
348 320
545 171
442 93
417 145
480 136
451 165
491 155
459 277
519 185
420 138
555 194
746 69
420 137
547 232
477 289
456 153
513 238
479 279
550 277
452 206
486 359
450 281
539 185
512 355
431 129
455 152
716 492
541 248
422 131
520 240
491 369
488 239
575 117
578 135
701 108
689 102
582 122
641 77
464 281
459 210
491 356
498 227
506 153
503 370
551 159
496 288
516 133
515 290
493 290
582 316
581 132
722 434
471 230
416 133
462 271
364 456
476 223
545 241
537 175
530 246
421 152
701 102
472 230
523 168
519 165
548 279
491 358
641 95
561 191
484 368
500 281
527 273
422 152
454 153
452 115
787 343
485 312
510 284
568 170
583 169
587 121
425 495
459 169
452 183
519 162
557 217
482 251
369 299
561 166
568 310
470 266
417 133
486 162
315 203
599 139
744 466
594 153
470 269
362 447
514 221
523 219
487 358
476 292
538 184
681 129
367 443
576 98
387 334
568 321
783 356
533 303
569 215
493 374
440 154
518 153
478 234
637 135
536 219
472 144
567 168
523 218
443 140
514 358
546 164
580 178
511 295
468 151
517 144
462 84
430 166
641 89
653 134
449 93
429 170
447 164
677 146
528 80
504 369
457 249
600 50
544 173
441 114
358 312
493 235
689 96
343 286
367 290
592 123
533 196
629 68
438 80
643 129
442 228
593 172
585 172
588 192
557 162
671 152
462 265
541 266
559 102
340 324
470 253
435 115
788 84
413 168
491 157
448 100
680 149
516 301
625 129
499 371
426 135
547 200
500 142
661 444
629 56
631 423
488 168
545 237
326 312
453 215
391 346
493 377
480 165
709 355
434 133
422 481
788 90
555 315
451 146
513 358
459 200
566 215
571 416
542 252
375 277
362 392
510 276
533 166
512 290
466 316
463 164
483 241
746 90
756 113
641 116
482 247
439 111
789 322
545 178
635 89
514 330
453 111
603 194
474 147
588 183
351 317
538 172
736 438
353 380
720 160
788 114
526 158
472 239
701 111
701 96
545 184
741 469
513 301
571 96
341 293
464 290
375 292
468 272
486 141
635 62
455 214
529 226
475 164
550 108
434 137
427 141
347 228
529 164
575 168
491 129
482 178
523 282
417 154
675 129
595 136
439 124
448 444
517 213
459 140
800 90
433 95
314 209
689 114
565 106
483 304
573 419
500 217
495 326
442 164
477 155
695 123
785 457
447 100
381 328
465 251
635 101
460 157
486 176
539 112
477 363
438 160
459 268
406 168
479 493
689 84
559 296
447 88
495 151
740 454
643 141
457 94
510 113
475 198
445 85
427 170
744 121
532 229
543 272
524 153
463 291
477 231
464 166
545 269
628 426
535 267
507 377
446 444
542 246
527 236
777 343
458 283
487 334
701 132
470 142
567 146
641 98
430 170
539 169
530 284
457 245
629 92
588 135
505 286
463 139
476 249
428 141
463 290
629 80
460 167
797 312
507 284
478 90
629 89
550 296
516 247
417 169
725 431
494 264
480 279
507 341
481 280
483 312
486 413
338 309
503 336
588 310
579 319
411 146
509 211
439 165
521 310
453 296
537 182
567 94
377 295
454 339
583 178
519 181
516 341
592 180
480 497
585 171
478 159
460 110
500 428
629 65
549 112
477 284
525 83
506 373
695 126
332 293
500 372
508 294
457 164
436 100
558 199
554 306
516 331
777 121
529 150
532 148
515 230
629 59
459 282
481 281
562 219
313 194
327 318
373 282
457 157
482 177
527 80
635 59
446 220
487 257
303 211
480 286
514 229
637 141
592 145
641 86
665 134
416 153
514 234
430 98
409 167
499 145
396 494
562 172
584 178
559 209
525 323
456 158
388 485
526 162
461 177
746 84
414 481
581 167
484 236
728 434
421 158
481 259
501 282
713 338
490 334
732 426
552 181
635 92
482 155
455 282
581 123
485 360
552 155
779 353
510 221
561 219
480 259
591 161
506 157
562 213
539 189
498 399
730 60
446 169
483 215
344 312
478 93
464 86
345 293
384 485
591 185
472 187
689 81
517 259
533 300
538 221
588 322
477 433
559 96
455 269
491 156
465 158
499 289
633 430
460 295
538 96
485 298
462 235
533 249
571 126
496 287
635 80
701 93
464 287
436 481
629 104
467 287
546 80
488 248
526 147
476 424
539 273
467 160
587 146
303 200
481 162
555 117
339 220
671 146
436 248
556 212
529 196
457 183
535 297
576 142
422 181
507 373
513 277
452 159
569 111
484 230
478 259
445 173
509 334
624 418
477 162
469 190
593 163
551 287
788 120
536 160
746 102
469 164
695 99
476 87
584 183
458 198
550 171
528 143
475 280
641 68
653 447
582 118
451 159
497 342
529 253
596 152
548 181
650 119
600 110
545 156
438 225
753 90
602 168
552 157
506 227
499 147
478 166
516 279
527 148
442 99
474 305
620 430
478 413
499 286
585 117
477 149
518 310
490 418
516 234
567 123
773 381
344 227
559 107
484 148
690 141
431 128
415 152
750 460
701 120
522 158
535 188
485 221
528 249
514 404
770 60
635 71
681 135
341 230
425 133
493 236
452 118
389 290
746 81
472 411
401 328
556 113
519 285
466 89
669 129
423 154
467 92
489 288
453 144
420 149
376 493
467 97
506 337
753 133
753 81
460 266
523 153
569 407
746 75
450 148
647 450
535 245
530 166
486 160
485 342
447 429
482 222
640 141
781 89
548 268
588 147
460 234
491 288
444 176
318 320
746 99
551 286
328 303
562 217
496 316
506 369
430 174
555 279
746 96
548 254
642 430
433 123
571 228
476 257
635 53
681 141
463 288
452 112
600 184
526 81
464 236
524 362
589 150
530 377
628 135
463 270
488 329
442 159
770 110
628 129
482 259
779 351
684 141
501 398
465 87
581 120
425 137
487 356
323 200
477 88
441 100
444 216
478 97
739 321
353 324
512 360
512 284
480 422
583 160
541 227
580 182
479 148
579 133
547 300
752 116
532 252
592 144
569 160
496 363
689 72
481 312
514 159
567 158
410 155
555 84
788 111
455 280
530 291
489 301
731 317
544 179
559 424
641 59
668 143
593 181
466 226
753 63
461 158
521 254
508 341
568 239
753 96
453 99
508 346
566 176
482 236
603 203
490 340
469 262
548 107
467 288
333 228
472 251
526 260
513 212
537 220
670 110
521 240
432 128
549 269
484 357
453 260
524 336
475 87
721 346
440 160
510 327
428 115
453 278
555 201
479 145
578 114
357 435
792 334
481 148
389 279
537 177
470 176
542 271
555 215
428 223
454 103
788 93
414 135
425 480
508 355
379 295
538 158
689 108
597 143
449 126
480 256
354 320
536 146
783 329
509 147
455 180
499 283
521 251
566 165
647 122
596 138
517 222
471 318
532 296
527 250
437 73
455 88
437 227
593 182
540 86
641 104
453 160
594 137
695 84
457 110
516 375
440 127
515 286
498 422
535 256
579 425
499 151
512 356
502 327
513 309
478 196
672 129
551 108
496 338
584 170
759 116
423 146
514 250
474 281
467 286
493 198
462 186
771 372
571 100
559 93
576 167
777 134
413 166
574 95
473 222
726 321
458 103
507 369
788 108
538 171
552 98
428 179
505 135
486 293
451 239
497 225
496 375
473 244
469 200
723 438
695 96
689 99
452 113
540 195
492 221
730 460
488 275
439 67
463 163
753 121
551 164
531 196
495 149
520 310
542 129
519 175
476 272
529 288
462 179
467 168
472 248
450 150
481 308
540 294
345 233
605 173
489 302
655 141
423 142
580 313
481 165
458 110
570 162
487 252
764 128
520 363
540 167
550 276
396 482
540 196
457 435
559 158
500 263
655 450
486 415
457 176
746 63
502 218
477 418
469 271
424 100
582 174
500 328
417 134
444 158
442 165
491 339
537 318
605 172
459 163
487 361
452 123
562 102
758 122
542 233
456 142
548 202
459 292
792 319
454 241
533 232
477 279
773 360
485 155
442 237
479 285
549 149
419 148
390 337
736 481
427 138
496 131
634 426
463 266
480 139
444 127
463 85
540 203
557 160
486 282
638 148
570 122
564 164
447 98
437 217
579 101
495 147
448 183
461 253
514 156
338 321
485 336
740 478
781 320
460 203
481 231
565 99
477 232
640 135
493 143
344 242
524 137
546 112
472 237
518 246
454 279
554 100
728 330
781 101
789 474
689 111
701 84
473 254
543 232
434 122
482 183
469 109
387 491
508 295
635 116
634 141
641 101
559 100
499 150
558 209
499 220
574 115
511 231
547 197
546 225
491 355
544 206
421 150
555 122
572 248
460 163
489 412
476 248
783 465
464 193
549 197
428 170
567 416
479 309
536 252
739 469
515 248
493 369
451 240
465 290
594 190
746 66
725 490
517 281
434 490
480 138
361 443
495 284
531 290
524 95
471 211
452 280
515 236
367 380
565 419
548 233
644 113
509 290
464 330
635 83
478 224
418 176
475 230
585 141
524 222
395 334
701 87
550 158
383 277
526 195
433 113
587 136
411 142
481 160
472 223
497 213
571 163
578 174
512 229
520 260
487 254
513 328
475 254
484 405
559 97
426 142
474 257
429 116
497 329
500 110
548 171
526 139
661 456
489 427
528 254
471 252
540 198
2190 836
2020 1562
1137 2107
1321 1745
1246 1964
2075 1133
2069 284
1317 1427
1592 152
1029 514
1990 214
776 2019
784 2265
1017 1839
550 1067
646 1681
982 276
442 1987
627 295
1438 1608
1270 1125
1094 1923
1286 910
411 160
1384 756
1419 2181
682 2313
232 1299
1087 2220
1723 298
2052 524
863 2136
2121 1540
1808 1873
417 1252
876 746
1966 556
916 1168
1361 937
2188 2233
2106 1797
1953 504
1886 1959
1003 1584
1067 1413
1287 1463
478 2261
1009 1356
147 71
1897 362
927 621
536 1519
68 1912
628 1918
1993 1988
956 939
660 240
954 2305
604 229
2018 1089
1625 728
2112 1567
218 209
2273 773
1255 1545
1828 1131
761 1108
1655 1740
2197 1904
352 213
925 1117
1096 1718
696 7
230 722
702 77
542 193
1040 540
461 580
1608 793
1018 243
1839 818
2136 714
1276 1510
1473 908
1065 2255
1671 1425
769 135
1137 1172
2271 1052
2239 597
755 297
2142 310
700 1416
2117 980
1600 1780
1719 466
494 2052
40 1263
348 2064
1583 953
1813 1111
987 772
231 1868
1553 440
222 1859
151 338
479 1937
1325 985
1474 842
686 659
498 1313
1493 1691
742 313
698 1816
2133 1357
862 850
1762 191
1560 73
27 1334
2293 683
1696 1511
800 219
1082 1775
324 1600
1621 2030
358 266
1335 2307
69 2259
1322 1766
2219 255
1908 41
736 596
1344 245
999 1320
975 2155
2126 2290
199 442
356 376
741 1940
911 1677
997 2241
2006 558
1703 328
382 1519
244 1167
2205 1079
1329 288
1894 1910
1831 689
1768 2218
1461 87
1249 893
615 759
1456 1161
1740 1541
668 936
1479 790
1609 557
1652 807
2117 304
1300 1862
2323 1640
1901 588
9 534
378 1921
1590 2280
1835 1124
1288 338
551 1794
120 960
1320 1309
4 1216
2238 1226
2015 592
1887 1119
1565 385
728 643
570 1531
1847 1292
1189 1382
1268 760
1299 1880
1728 805
1710 28
730 641
1085 1465
2315 199
891 167
1663 870
1393 336
1579 654
1020 2142
1782 475
2346 113
912 1263
1659 1704
2279 294
1911 1109
2127 1363
1349 871
1625 1575
1302 1940
933 984
1399 1977
1047 2049
1008 385
127 156
317 2004
2114 1725
196 2246
942 398
1277 447
1006 563
1543 974
1660 1991
2140 1404
537 1301
900 1519
761 42
1512 1915
1018 2074
995 2294
1717 127
2171 2135
1398 1660
1572 1159
469 1269
1992 100
501 669
5 136
121 59
193 145
475 1803
2109 653
1233 1231
1649 1641
818 533
1278 1901
1164 2082
606 400
336 1035
2281 783
1958 574
2203 1686
1497 2175
962 363
1846 1381
1035 2091
2278 686
1095 802
1861 1971
536 1184
108 1530
58 1589
1485 744
1671 603
1163 1
718 2115
1707 318
1323 2342
1141 1082
1584 877
833 1908
1502 1933
1184 407
2309 1447
771 680
1691 369
804 423
884 2334
2286 595
2239 1100
966 1575
343 1529
1139 944
1096 1094
456 797
177 1427
1948 132
1090 560
1283 795
1662 905
924 246
1153 1911
843 1218
259 380
615 663
581 973
1755 2330
1325 2324
388 1500
546 2231
923 1978
659 1026
1518 2320
1293 72
2320 305
1403 240
543 2013
1178 972
2236 1514
1160 925
2000 337
2263 2082
1687 1950
1221 2226
2340 921
118 1836
186 224
136 1842
1163 2032
663 1976
535 2300
1602 537
1979 1475
1210 804
1115 914
335 1520
1859 88
1731 881
2294 174
188 423
1459 1936
749 532
1357 86
1904 1512
1964 80
1341 739
1680 1476
1544 242
1626 1517
496 1014
758 688
1522 734
1185 1602
1442 1422
1070 10
1429 152
1010 2268
1569 1710
409 1439
516 1175
102 1297
476 1694
761 290
1754 1962
1156 2292
1628 508
928 258
236 1575
743 930
13 1086
326 2024
528 1265
336 1047
1531 1077
707 786
1578 1072
300 90
947 1727
1773 1239
160 2289
130 876
2023 2347
422 931
1214 323
1934 1064
2341 928
1150 1341
2174 45
175 141
679 1720
1709 1732
1905 2209
1686 1271
2116 1378
1298 4
2253 2318
1383 1009
419 619
1436 1228
1030 1972
1653 196
1613 2283
33 126
530 1007
929 1765
340 2011
649 374
1633 1815
859 89
704 361
566 1415
2068 1865
1807 1897
1755 857
1764 1249
708 1048
1110 1393
2255 2196
1274 1626
2302 2116
1987 1719
1714 801
1830 445
859 510
11 1272
2078 898
812 905
99 753
717 781
169 91
920 2002
1926 1312
290 12
1294 1626
1778 678
1495 2198
967 1353
2011 2276
493 987
902 1673
1903 813
683 389
1150 2236
1534 1183
1956 1376
2284 1913
2175 963
1826 287
2166 482
1810 207
2119 583
829 435
1814 692
952 1155
2179 1171
1427 201
9 884
2230 1295
563 1889
1316 1158
1070 2253
1101 1876
1006 2156
1582 159
2298 1317
566 1706
112 1670
1264 1668
735 1737
760 1651
487 2258
155 1490
1844 40
1066 1561
1974 337
2035 627
424 765
131 451
677 1709
2235 1077
636 869
992 1489
1182 1613
446 2214
2140 2151
246 1037
2190 2157
919 751
1057 993
2010 1908
1775 1432
2218 1450
1235 346
144 341
1731 499
342 84
1440 473
1911 834
1573 202
858 771
2130 562
936 1135
32 445
1158 710
414 2048
961 1502
980 304
2005 2080
400 1165
1770 1733
1641 879
920 2306
1997 2303
2238 2264
1337 664
2258 941
1661 2335
1296 302
928 194
1028 1980
1700 1699
375 1083
1979 571
759 1042
775 1544
681 491
1772 843
1125 672
430 2204
2040 1332
146 1309
1815 309
1043 125
1906 742
1654 282
1809 1457
1712 2003
1843 1358
438 433
1363 154
1163 834
682 1285
281 142
1875 2045
833 41
1528 1262
949 952
637 1689
1611 1152
1404 1693
1901 1394
1811 225
1271 103
170 2111
1427 279
843 565
110 1679
990 723
841 1234
1950 1711
99 1887
1733 2170
1712 1558
817 2316
1500 184
259 114
1266 267
1135 577
826 2104
1792 2311
1509 2055
2331 1296
2070 105
1447 490
899 2301
799 1187
891 123
671 2071
1636 2121
1615 2202
1295 1
1945 1061
724 455
820 187
199 553
544 1406
14 1410
1963 509
1309 1946
1651 1533
521 2326
1510 2053
1821 584
2114 1487
482 379
109 2244
417 605
444 333
2314 1619
2 629
194 1973
1073 1647
1125 2299
1765 164
790 212
1417 1550
208 791
2050 1196
2098 1572
1767 1650
909 1355
967 1739
902 2057
927 163
1865 345
1881 1255
939 1053
987 1852
1163 1205
27 368
1313 2256
248 2189
615 185
1623 1166
1211 1986
2221 117
2224 1236
1631 52
260 408
388 96
1247 295
215 1204
561 1373
833 1183
971 1114
2186 1958
427 535
1119 634
305 727
438 1431
115 1819
1305 758
1091 2166
1147 1203
139 1595
273 163
1565 1008
1692 2260
1646 1792
1533 1748
1603 1273
973 1744
614 180
525 30
1793 1548
1281 1932
652 2319
2210 107
1856 1139
1002 1542
2129 2245
712 630
1174 417
2146 1633
2327 919
1928 1903
1029 675
270 607
1757 1034
1324 650
263 1418
9 593
1914 31
788 2267
1461 1850
573 2154
1021 1784
1095 22
1756 1705
1320 740
9 2023
2330 1723
435 204
2055 397
1073 1524
715 1773
658 816
925 331
1428 2227
2188 1845
1066 1826
61 1800
401 1798
2248 29
969 545
1825 1499
810 1437
2096 231
1122 1429
1815 471
2140 622
1397 707
2294 1348
262 530
875 1898
759 911
404 2029
1195 859
1607 377
833 1012
606 139
1268 2311
1241 757
2210 1429
1097 2259
1890 168
1303 1337
1743 311
1301 1251
2333 247
1063 114
1069 1210
2224 2070
331 1117
2003 230
78 292
511 1685
50 1441
2072 24
5 1842
1401 2101
2146 348
1146 2314
584 2237
2313 1233
1944 2338
1681 296
806 240
246 1547
173 111
2267 1314
1371 1665
967 1525
2094 1345
1537 176
674 655
2110 249
1447 747
830 180
386 1589
1606 421
837 1478
1369 601
1871 694
2284 1516
187 1853
904 54
2007 683
981 1275
2288 1653
1275 2158
650 864
2311 679
1633 33
84 1861
1162 2280
1924 259
1076 2054
1536 2017
965 1328
1558 230
1333 389
1244 497
378 774
845 2066
1930 318
964 1528
544 395
899 1786
833 1677
1781 1488
1307 443
1047 1046
1116 690
348 1179
2325 1066
835 2058
1786 854
987 1221
435 2132
462 1392
1374 844
1042 316
2131 1373
1539 2063
1872 2109
811 1205
485 16
874 1081
1454 94
1443 281
1177 13
269 35
45 1246
1967 49
2107 863
1190 647
306 2223
2136 483
1764 426
1284 1772
1699 128
225 2266
1907 1609
1724 2182
116 1731
1031 861
106 1575
2096 60
1667 2025
908 2159
583 252
2143 1470
913 1914
1113 1791
1672 500
392 1320
1332 1041
391 1287
2298 2043
679 1533
1955 2262
917 2118
973 375
1586 2340
1610 822
1946 1963
367 1527
1643 2279
1073 2277
897 268
116 2096
2220 837
2184 405
71 1687
2249 337
2117 337
1283 325
1411 591
1237 1961
379 2113
94 1605
53 340
824 11
621 938
1239 1793
747 354
1191 1257
1679 1602
1801 678
2167 1952
1666 2324
1571 1722
1640 1036
674 832
179 1646
605 1893
272 2131
1091 1229
2013 1000
366 2228
467 548
2242 1006
719 1310
2062 62
1976 1235
590 1129
1011 1996
866 750
1792 321
388 503
1642 1149
1419 324
1924 1063
223 600
2050 1407
195 1316
1318 1793
1389 1634
2023 2129
1047 1621
854 1241
2120 1996
794 957
2004 15
1195 541
167 134
2232 452
1770 495
1202 2341
1232 1473
1909 639
476 2182
1038 64
264 636
2116 277
1081 59
25 743
2280 271
571 26
1317 177
848 1213
1183 1154
833 1154
570 384
920 877
518 955
1707 452
551 2291
1842 2175
637 752
1289 858
552 1917
1037 232
1538 1148
1741 124
10 2085
2128 673
1489 1591
1935 1018
1737 1509
2028 227
1325 2160
720 1910
635 2000
1387 932
1823 1929
643 378
126 2173
468 1570
779 1435
140 809
829 1106
1888 509
1672 718
1182 1220
1840 2105
847 1430
1074 1637
718 582
1860 251
603 198
2059 906
1029 730
297 2211
517 115
1192 20
2296 240
138 840
1708 417
1213 1326
2344 963
1655 1746
1126 2329
33 1993
142 779
1541 1025
745 1041
2049 1616
1015 827
2275 1807
1494 1890
1138 1607
2140 769
410 257
403 1338
522 1962
1172 425
1968 1173
336 215
506 2130
1553 1769
2026 1776
515 58
1720 1452
1224 808
1446 1981
1748 457
1610 2146
1454 575
388 1107
1589 867
49 393
1354 1058
1639 1748
325 942
2040 959
1203 1032
937 1559
206 254
517 1456
1273 435
148 2268
763 397
664 192
736 1085
482 289
89 1634
625 1966
2241 366
1274 1517
1723 403
1105 1784
1342 1752
53 2271
1472 2077
822 2124
25 1560
1738 1401
1661 2278
741 1302
1409 1555
1850 2027
1514 1837
467 721
2072 92
1048 2137
669 1032
335 933
988 1445
1332 1390
1163 1109
243 39
882 163
56 153
774 236
1106 2132
1103 1451
1689 1631
2178 2007
1498 940
1053 2041
1048 1138
190 687
794 2240
388 1506
1951 789
2309 1522
1706 1415
1359 321
1034 1822
1742 1757
795 942
746 477
1986 2286
1092 470
2283 1455
1649 1399
675 2149
194 1907
168 1068
1577 2197
572 2090
1229 85
1962 508
454 143
319 616
905 452
1060 1620
2291 165
1985 2102
1188 1486
1918 1521
284 432
296 274
1082 2075
931 1895
1270 1005
1420 1238
1055 61
2000 1974
759 2094
1174 1708
1284 171
2251 491
1812 2143
926 635
978 1909
1321 2018
709 537
110 77
1670 737
1721 977
1360 551
493 97
87 1033
1445 1020
574 448
1916 5
1938 437
1555 1468
1495 2270
290 1090
289 676
943 2123
93 507
1516 1584
1722 1878
1124 2034
194 487
2324 985
1925 347
182 133
2293 1333
1594 1164
653 1222
441 1566
1421 2073
1851 652
560 502
166 633
1290 1867
1684 1471
368 38
330 65
1388 979
1935 1586
1464 2063
591 2161
853 826
603 2001
87 2027
1684 880
2203 1339
546 544
2111 1672
1740 1025
298 1351
1572 1888
994 1506
2077 1261
1381 1294
735 1509
376 1916
1907 608
29 223
129 1694
232 906
2009 46
1285 406
2148 1360
1384 2326
853 2009
608 917
74 1920
315 2089
2025 1576
280 2046
903 1955
625 1354
1407 1157
661 598
450 542
377 1879
368 1076
803 1808
2223 1010
813 93
578 828
2206 539
1941 1784
727 613
1892 1396
2203 1840
418 1151
2347 1484
888 1734
1622 1825
556 1866
1373 780
2158 1999
1928 1370
1527 2102
1990 1070
626 430
1403 660
812 1662
923 1869
440 1467
2208 839
1506 96
2250 1011
711 1975
598 237
2330 2269
381 1260
1939 2012
773 1004
626 1431
1965 1768
627 1247
517 2186
2091 1517
410 2205
457 1389
152 81
1714 1237
609 1121
1159 1101
1989 1095
2137 1138
1146 852
928 1568
1586 1321
1724 323
721 1787
1513 1444
1232 1307
497 1925
2233 604
1772 1827
824 1128
1242 2126
1686 2207
1458 21
1159 1426
1061 205
555 119
1754 522
1456 1311
613 280
913 186
1016 481
2262 1718
715 2085
2008 769
997 410
1894 1736
741 990
1019 706
2 141
199 602
1986 513
1959 1072
1763 978
498 1485
1254 2221
1002 954
2289 823
149 1585
1723 1870
1873 667
591 738
1857 784
1410 260
203 1888
586 1245
20 1229
31 1894
256 1593
1165 1347
1813 2177
362 951
1501 1379
1126 2183
98 120
2178 2293
1702 1712
952 1162
1147 669
1504 107
111 883
569 878
1925 741
1000 992
407 1002
1022 1695
1137 2174
1888 1101
1935 56
2302 450
1012 1534
395 1298
257 965
2077 195
2215 1480
1818 222
1391 350
1494 1967
716 1258
947 2259
1094 1438
1639 1195
1614 312
1563 1494
1391 770
1650 1970
2297 2216
1451 1198
1090 502
1272 1882
792 920
2252 515
8 2071
2238 159
1977 315
1127 1975
671 1849
2261 18
701 1242
1423 2031
2265 2093
467 712
2181 1556
430 1754
1736 1130
2224 14
770 95
2103 1382
1574 982
2031 239
1377 279
1554 1618
1496 1726
47 1728
267 387
740 1946
1932 1829
1065 1501
1005 462
19 150
2325 1806
1915 2153
706 1507
503 1107
797 1824
124 463
2124 946
1152 506
2063 1127
388 184
597 1243
1502 812
1931 564
1230 777
1516 1003
1791 1367
915 218
2043 1317
1849 585
1982 1209
853 1774
551 283
950 1329
91 1769
659 572
1457 1490
1738 1126
780 1655
1739 2016
860 855
69 742
1931 1832
600 1482
184 1596
1809 155
1466 924
319 798
1368 996
1039 206
693 1160
2046 882
2122 2248
411 76
333 931
801 2062
150 2004
2238 2336
1609 543
385 2156
1714 2332
1727 2259
106 1625
275 969
713 1103
1364 488
307 525
3 778
2046 163
273 927
60 75
1189 1217
1448 904
1285 2114
1058 2042
2050 754
775 461
1919 1414
241 1380
430 1431
786 438
17 262
886 1071
1803 1306
1515 1433
280 43
1465 1891
443 2159
2 220
1391 704
1062 713
96 1500
131 1140
1118 155
544 1881
456 2095
1738 895
161 360
1842 1497
2225 300
169 1769
15 1457
843 1813
537 1251
1726 1857
1180 538
1225 1759
1349 1917
330 1715
2195 1091
480 963
2 2185
1895 2180
1347 1395
650 102
2266 1730
1236 971
1568 2213
532 2120
1384 521
1110 853
1690 440
534 1643
1105 1021
1429 1592
204 1383
86 2059
402 2284
1065 1335
1223 2057
1324 342
1949 190
2077 710
738 2161
2200 1648
1922 523
440 339
1913 1516
887 1075
2239 844
1205 2230
1321 308
1555 1174
1146 648
907 2138
593 597
1693 622
1599 662
1562 2099
2022 803
1148 1771
1545 1056
415 1118
1292 92
148 2223
1047 1123
88 2295
2330 1717
797 1658
1274 1846
968 1871
1896 2317
1597 109
2176 1661
2172 236
1362 2272
1744 375
573 1583
480 356
1044 1510
2216 299
2328 1293
1707 1930
25 1615
1520 1818
1307 908
500 270
932 2169
2244 511
2028 1627
469 1307
333 422
1033 1543
867 1631
582 221
64 1627
1187 226
1804 1926
1211 2076
1889 2022
1373 1655
1007 949
1853 268
989 330
2166 85
1801 444
265 1400
1508 404
822 1368
226 617
1239 1273
1244 1057
2238 1552
912 1327
744 2322
2109 1117
317 705
1594 2263
2028 2304
1049 761
941 624
2305 382
2308 1262
1911 1163
548 2125
968 1259
879 623
1181 1322
1311 344
1487 764
2271 1028
335 1649
1110 335
389 186
1292 2072
37 1721
514 396
282 1093
2072 998
474 1144
59 678
1386 51
2180 1081
2101 1680
693 925
2195 20
1984 970
1019 295
593 210
538 867
162 149
541 1389
80 1885
1243 1374
26 1847
2180 874
977 705
2306 2284
572 1869
2239 210
1078 532
868 476
2001 1532
214 715
1805 566
911 833
1736 820
1945 940
2315 399
325 1698
559 591
2188 1920
628 441
1942 370
753 1119
996 2243
662 2036
2287 1550
1244 431
395 888
2168 1636
1377 1420
703 1493
2185 220
1644 1564
620 1286
1413 1375
803 1873
27 550
258 1443
166 758
2317 1102
1163 1295
2 851
1284 2097
468 1029
655 645
281 555
2238 249
911 2010
319 868
2118 494
660 48
2132 1383
1542 954
1833 2151
1324 1015
722 1841
1609 1454
468 1074
193 1638
323 129
1328 1781
1420 279
571 518
1581 386
413 2055
1069 1453
82 1841
1051 217
997 1557
845 546
1788 1951
2261 1528
1258 755
726 1707
2193 2061
1326 2297
2146 2275
174 716
1568 1212
1066 122
1323 1462
2245 1384
660 735
224 720
2269 1224
1900 2098
1475 1051
602 700
807 1604
739 725
1315 856
633 688
2319 1366
76 1505
1667 1755
377 1417
622 2008
1468 1174
2311 1319
1449 1055
1339 1657
167 384
1633 1979
1745 1630
2114 485
954 382
1057 1938
802 74
2116 1146
912 1844
2077 1158
1285 1177
45 116
510 1594
1406 359
18 8
754 1934
344 611
661 352
1077 610
1142 2006
2147 83
1658 2014
304 1186
1760 814
1098 501
1153 1703
171 503
258 2193
1499 2214
752 612
835 988
1393 468
1486 1044
694 1790
2144 1606
1276 1013
2063 1975
2009 2069
1595 677
1155 1162
119 1303
1798 697
313 1770
19 317
380 1078
1163 811
233 454
2095 2184
2304 1701
1106 1059
542 701
1332 2282
2334 1027
1270 907
411 703
261 419
1420 2298
1947 666
1882 512
1637 916
1051 1538
1246 98
1186 926
205 2003
271 681
405 314
1356 1547
2009 1211
2270 894
484 434
67 401
2329 685
347 1302
808 579
227 1627
2245 756
796 307
1057 1043
733 1372
31 720
498 319
681 2251
114 1078
1111 2067
1673 2057
2205 2325
1964 1762
365 929
415 1809
1039 649
565 2150
1123 459
1454 1324
349 5
1393 303
1107 994
2343 1017
8 1098
245 1001
553 2084
774 2172
1980 1088
2173 1087
1556 474
1495 1022
1154 1677
2299 1113
1766 1539
209 1194
155 790
1118 1479
2074 1523
1031 3
793 1269
2291 1554
1081 121
976 1552
460 776
1711 1458
1548 204
624 1682
505 269
1827 1248
1216 1385
1873 1565
844 1100
1634 2263
312 832
359 1386
1390 959
340 670
1563 301
1334 1331
863 365
1664 1371
2326 810
1925 723
571 1758
358 1283
425 53
2065 1531
1031 1688
1656 1714
1459 1031
1439 2026
1027 2254
568 1994
339 1467
1970 1835
2085 1239
465 865
1332 745
255 2348
1060 912
1348 174
164 887
69 1906
684 1438
272 1025
1172 824
392 146
387 1799
324 2215
303 1652
2345 923
1274 1381
585 1203
1234 1256
1062 1039
53 2050
714 2127
1162 1590
603 1848
509 1876
2199 1785
406 1654
98 1459
1269 443
1985 357
527 627
1652 1696
645 935
1426 1305
1870 699
1647 412
1402 1469
951 1874
910 922
158 372
45 1935
1021 1622
2302 1150
828 390
1972 766
1353 821
1531 2235
1526 897
667 1565
1715 65
1453 188
1097 69
309 1280
458 973
1587 2187
2161 1371
56 981
2134 1948
912 40
1425 1344
220 851
931 2180
1262 1849
11 796
2155 1016
1553 1690
1936 2119
1834 1009
1099 1569
1252 605
181 1587
145 2201
1206 1750
1079 1919
1564 332
2188 229
809 1597
236 966
148 1843
676 238
2264 2336
308 2100
2228 2144
234 169
682 1182
148 1207
827 1315
1208 1553
1731 248
1874 889
2313 698
2140 2008
508 707
1679 1185
1218 1404
2098 203
1872 1117
303 1141
648 1546
1415 1040
1141 427
2306 402
2177 1060
1886 1578
1176 320
2060 211
1689 612
459 552
1682 2163
1181 1975
1037 1240
912 1620
188 19
1026 572
439 1134
541 89
1013 2053
906 515
2136 736
835 1851
1226 976
394 1223
1582 249
2077 1316
1209 1290
1876 633
1698 398
367 1985
174 1258
852 472
1964 1683
350 1598
631 1684
734 1369
1638 1460
2219 1495
1933 812
593 2239
1559 1503
605 394
1629 1045
58 538
1011 775
2044 570
978 1959
1779 516
1278 682
1452 457
433 1431
1323 78
185 2056
1189 1325
74 2188
148 306
228 2047
356 963
1072 639
1813 1191
1322 1539
991 55
1349 552
892 1044
399 2323
2108 1176
602 2060
823 1352
2140 1833
1430 559
1837 1227
2210 1122
2183 768
2213 173
762 693
923 2176
865 785
471 148
1267 492
10 2318
1552 2110
426 1308
388 994
1989 1391
120 2167
1114 265
2083 520
1 1109
1966 1751
883 799
2300 1998
2317 107
1435 1116
2176 1864
1236 661
1586 208
599 871
1914 224
2084 1573
227 64
1384 1437
1504 2210
1509 413
1208 1769
1983 733
2092 877
634 1359
1797 2021
235 1729
36 1599
285 383
2207 1716
1007 952
493 1713
1581 58
198 1549
1166 528
1753 1855
824 1330
1795 806
175 2
1218 2151
2271 1065
833 1534
1392 1743
65 566
495 1733
1423 1342
391 200
989 1580
1567 1080
2275 968
1966 1402
559 1411
1758 890
2234 2287
836 651
1349 183
322 1477
171 1596
519 392
11 1671
1251 702
1292 998
2238 976
2256 1942
515 1180
302 326
655 2141
48 735
1088 642
892 1276
1171 486
179 632
625 1104
2205 1749
926 2000
732 731
1713 1030
2132 1834
1204 531
1438 2240
1371 1777
767 1753
2341 1137
2222 974
1656 1270
227 1701
711 1181
1494 27
2341 1610
1778 1801
461 242
580 1830
1138 377
1492 1096
2274 1905
57 634
754 1515
2032 811
1746 1740
529 547
760 679
1939 1931
12 1090
1688 1817
301 6
2247 2039
2 2212
2081 67
1774 2331
1210 37
1236 1143
792 877
1378 2312
581 458
502 691
112 2199
1417 1120
1656 2148
1014 1953
759 1513
1098 1147
490 1491
1370 578
1832 151
1143 47
1824 1024
833 2010
1443 1278
2291 554
2240 469
2148 1419
2163 2086
1507 581
92 24
897 1939
268 2012
751 2179
2073 79
2091 1274
1483 1322
2239 1112
318 1502
804 1721
2140 1693
880 82
863 2327
1671 228
2190 1169
880 722
450 493
1471 82
297 614
631 1558
1230 1188
661 2015
1475 668
63 2147
748 1112
1538 322
200 1574
588 1741
1082 1814
508 1397
1467 169
2055 763
798 986
1988 2164
2071 585
691 42
253 1498
171 388
1145 945
2174 1110
2239 1243
170 841
1349 599
348 835
2131 561
1570 23
903 1492
2165 1266
938 2320
148 1199
2239 748
650 1472
476 1724
364 2192
1794 1947
1949 1536
513 1789
2023 256
368 1145
459 871
1763 1886
2154 2285
1582 2238
373 1665
2056 1277
1336 1424
2035 527
1083 2035
1470 137
1749 1115
815 1364
616 1304
2318 1318
2071 1147
742 1770
1955 1096
1325 1666
573 1300
1077 2200
1196 2040
1686 1336
2315 567
542 1927
650 1579
76 2128
2332 2165
1912 1617
1102 107
2245 1437
1220 261
450 2206
2175 2344
554 157
425 70
2072 7
2141 935
1986 484
1796 1164
726 452
1325 1217
397 1795
2206 144
2345 1869
741 347
781 991
822 845
1472 195
1456 1764
2164 2328
668 1289
1453 804
193 161
357 1192
1962 1628
881 464
2002 2306
948 479
1128 2321
1408 343
1126 1446
120 293
501 1069
690 526
89 1594
540 1580
203 1963
43 2046
1921 774
288 416
2211 614
614 830
1274 1294
423 977
710 2139
355 378
906 1880
1021 1863
1332 959
2260 66
336 1623
806 2296
2250 2120
2061 216
197 2257
33 2224
832 645
123 167
1679 77
2 878
689 436
531 1802
1006 1889
1130 1526
217 235
1868 2145
1049 42
2096 131
2034 189
754 1760
539 286
1212 848
1184 1002
319 2339
1052 505
1394 2274
1893 394
2287 708
1848 1747
1526 1853
1068 1350
56 573
79 1170
801 1408
262 1007
772 2051
2077 2139
1119 632
283 2106
1617 958
1917 183
2109 1222
128 724
1505 618
1614 674
141 2185
470 130
570 2065
46 2028
70 409
740 203
2140 135
148 1358
380 749
831 2273
756 521
1372 327
321 1319
1525 278
135 1833
2310 1674
1960 1094
1928 467
242 1830
395 628
2287 1048
1141 975
134 384
1459 1365
1132 2156
1357 1037
1095 1388
843 2108
175 2212
988 2168
1589 1689
851 629
2091 1846
1163 2230
1248 2281
1751 787
1978 2176
1920 2233
1725 1601
2303 1343
1772 439
131 586
1563 1508
2097 1611
1557 956
576 1692
2004 1809
580 32
1786 170
1672 915
1013 1924
669 1210
1651 1639
1384 810
849 1612
1648 891
985 1084
819 1448
2131 1025
2174 1656
2161 1664
2133 246
1149 1632
2037 2333
41 1012
1327 1844
707 438
423 317
1834 924
1764 1823
1112 210
1207 1843
2077 855
227 1038
955 263
23 875
1222 693
2009 1193
1120 1550
672 1254
1571 1267
2231 1992
1253 678
2080 172
839 767
1414 983
1547 1240
1957 1279
116 456
964 2308
587 590
2053 1063
1291 2317
499 2033
777 892
289 2113
2029 250
946 1496
1602 709
293 1954
1880 1180
2239 1374
1426 166
1773 1603
451 838
253 1945
1850 2222
1989 411
1879 1417
1571 568
765 817
75 782
85 379
318 961
2107 1284
899 140
2040 2282
995 180
2145 1669
1916 349
1724 1214
1472 855
577 1854
1259 371
957 1232
2192 420
1240 1299
564 151
332 2337
847 1665
1499 446
1134 414
281 517
2169 1340
112 285
1341 1178
1724 129
2200 891
1748 541
1278 1062
1995 449
153 1398
1652 1984
2170 947
1018 2310
607 334
1184 1519
2107 2302
510 1796
602 609
940 205
727 280
988 1323
1940 990
1039 1264
948 158
70 424
2320 727
628 381
2066 815
1901 175
2041 101
38 104
706 295
219 2162
921 529
1899 1965
330 1580
1852 2079
1883 1922
878 2212
1657 1659
2214 1941
1949 1156
1108 290
1101 166
7 998
575 2225
1997 1206
26 138
2045 1982
1685 825
2139 1261
311 846
1040 1580
1419 1412
2182 1214
375 2035
1246 1989
2339 2038
1819 2083
328 1629
139 1782
1568 997
2090 1869
1724 1694
1632 1440
705 15
1319 1720
638 1995
632 1792
1273 1548
1533 1452
156 695
2252 1581
1864 1661
905 2232
594 644
483 1883
2335 2278
984 2068
1884 962
456 2037
1910 820
2160 2103
1341 594
488 1225
791 1957
1054 63
201 279
960 2087
1997 2247
70 25
1330 1676
24 696
1086 489
1263 1620
1538 118
2243 2343
847 559
1528 671
1801 333
357 2195
2113 238
1718 1923
1622 1499
1360 1153
214 10
1733 947
2085 1318
2249 2117
1676 1054
948 943
59 1253
2336 1226
1443 1563
356 1916
777 1486
2342 1838
62 1944
666 1645
1900 740
968 1582
1961 1742
2278 659
2115 1023
1584 2092
2076 1884
394 2057
1467 234
1471 99
397 806
1610 899
1524 934
1790 1136
864 178
2348 2171
2193 1892
895 2112
26 418
1041 1390
914 1588
1735 1050
2027 1543
320 729
1815 909
1244 1387
324 1956
1498 1702
148 1010
1157 1756
1095 1423
684 794
1605 849
1360 112
1405 2229
736 967
82 1887
546 1436
299 549
471 1199
670 1943
1447 182
152 1291
431 1281
1979 1738
999 1900
1678 2005
1046 1481
557 2078
227 2304
2282 745
502 42
801 9
1059 1466
2086 1282
567 1804
1222 762
471 306
1969 1040
1889 803
2198 640
1488 428
2077 860
1423 1968
132 1535
1280 496
100 465
1062 36
1285 1189
1130 187
1150 1361
1084 2160
2238 2110
1100 748
757 2020
2044 384
76 1434
1877 1346
797 1663
1251 77
1462 1219
2042 657
1646 1268
2058 1831
1755 1421
340 719
1902 1899
1182 948
2234 1550
1172 1667
845 1449
1996 1544
901 896
1228 68
2268 1207
706 581
979 1362
2240 793
2050 1811
1261 860
816 1442
1175 2194
105 50
122 1858
17 491
97 1474
22 364
1800 1860
1365 264
26 866
1463 108
183 599
247 1697
74 1845
2219 831
1673 1409
1238 2298
1256 638
291 2081
1325 2103
938 1518
1813 1405
519 999
432 873
1217 1666
1412 460
2111 1779
113 862
1181 1483
1125 1928
731 2088
159 2264
1561 34
1161 181
473 1537
459 1349
1333 913
139 1073
2111 620
2104 2288
1284 197
623 885
1060 1327
643 355
606 819
2275 1092
1466 2133
1434 351
2157 656
512 1761
2012 564
266 795
1585 788
1104 587
98 615
1576 658
1649 2309
1701 1038
371 1820
1673 1555
2313 244
1059 1834
940 1712
741 723
1218 2140
165 589
2257 1099
1153 950
957 469
1179 2208
2 569
1777 1665
1140 872
611 918
453 2152
629 569
1358 1199
1642 606
1901 1571
2322 1250
65 1805
1923 1608
1806 800
2193 391
924 1356
1729 1675
1887 57
2150 1735
1891 429
385 1132
2321 1812
857 1856
2047 241
2105 1190
170 2122
303 1244
1529 44
1475 1949
1702 631
1841 57
1415 1969
898 275
1960 684
2294 180
2204 1754
304 926
2242 2156
1455 1635
1927 1788
478 964
749 2250
425 2219
1051 1678
834 2032
2206 1810
1211 2346
2023 453
1820 1200
2325 646
1032 37
2059 2252
86 232
229 1845
993 665
2072 696
6 1644
1642 1577
388 1596
393 353
718 1428
968 625
2102 1192
596 1821
612 52
2277 2191
277 1142
329 1215
1832 1288
2217 732
927 938
861 1624
386 637
1325 1382
1291 1896
1490 212
2312 886
1815 2315
1153 1997
1667 162
1355 1983
345 1783
391 498
1625 643
890 1828
1603 829
2309 576
81 1291
1169 1201
262 491
1492 1960
632 1359
410 1875
1907 1902
842 1197
373 847
2301 147
2188 604
2148 2203
753 179
1331 329
668 2190
2138 717
382 900
2064 1700
610 2200
250 1877
1558 880
150 415
1193 233
1863 1622
1258 297
18 671
782 1551
1734 901
1539 1464
258 1642
1396 2134
1786 291
216 2217
2214 1784
1325 1084
2280 681
1973 1767
